10 1 5 16 3.066666666666667
10 2 7 14 2.9375
10 3 8 13 3.176470588235294
10 4 9 11 4.166666666666667
10 5 9 10 4.7894736842105265
10 6 9 11 3.8
10 7 8 13 2.9047619047619047
10 8 8 14 2.772727272727273
10 9 7 16 3.217391304347826
10 10 5 19 4.75
10 11 3 20 5.28
10 12 1 21 5.884615384615385
10 13 0 20 5.0
10 14 2 18 3.892857142857143
10 15 5 16 3.1379310344827585
10 16 7 14 3.1
10 17 8 13 3.3666666666666667
10 18 9 11 4.3
10 19 9 10 5.066666666666666
10 20 9 11 4.3
10 21 8 12 3.8333333333333335
10 22 7 14 3.1333333333333333
10 23 7 16 3.1333333333333333
10 24 5 19 4.133333333333334
10 25 3 21 5.3
10 26 1 21 5.3
10 27 1 20 4.7
10 28 2 17 3.4
10 29 5 16 3.1
10 30 7 14 3.1
10 31 8 12 3.7333333333333334
10 32 9 11 4.233333333333333
10 33 9 10 5.033333333333333
10 34 9 11 4.266666666666667
10 35 8 13 3.3666666666666667
10 36 7 15 3.066666666666667
10 37 6 16 3.1333333333333333
10 38 5 19 4.066666666666666
10 39 2 21 5.266666666666667
10 40 1 21 5.266666666666667
10 41 1 19 4.0
10 42 2 17 3.2666666666666666
10 43 5 15 2.966666666666667
10 44 7 14 3.1
10 45 9 12 3.6666666666666665
10 46 9 11 4.2
10 47 9 10 5.1
10 48 9 12 3.6666666666666665
10 49 8 13 3.3
10 50 7 15 2.933333333333333
10 51 6 18 3.533333333333333
10 52 5 19 3.9
10 53 2 21 5.166666666666667
10 54 1 20 4.433333333333334
10 55 1 19 3.9
10 56 3 17 3.1666666666666665
10 57 6 15 2.9
10 58 8 13 3.3
10 59 9 12 3.7
10 60 9 11 4.233333333333333
10 61 9 11 4.233333333333333
10 62 9 12 3.7
10 63 8 14 3.1
10 64 7 16 3.033333333333333
10 65 5 18 3.466666666666667
10 66 4 20 4.466666666666667
10 67 2 21 5.233333333333333
10 68 0 20 4.433333333333334
10 69 1 18 3.466666666666667
10 70 4 16 3.0
10 71 6 15 2.966666666666667
10 72 8 13 3.3
10 73 9 11 4.266666666666667
10 74 9 10 5.1
10 75 9 11 4.233333333333333
10 76 9 12 3.7666666666666666
10 77 7 14 3.066666666666667
10 78 7 16 3.033333333333333
10 79 5 18 3.566666666666667
10 80 3 20 4.533333333333333
10 81 1 21 5.333333333333333
10 82 0 20 4.566666666666666
10 83 2 18 3.533333333333333
10 84 5 16 3.0
10 85 7 14 3.066666666666667
10 86 8 13 3.3333333333333335
10 87 9 11 4.233333333333333
10 88 9 10 5.0
10 89 9 11 4.233333333333333
10 90 8 13 3.3333333333333335
10 91 8 14 3.066666666666667
10 92 7 16 3.033333333333333
10 93 5 19 4.033333333333333
10 94 3 20 4.566666666666666
10 95 1 21 5.3
10 96 1 19 4.0
10 97 2 18 3.6333333333333333
10 98 5 16 3.033333333333333
10 99 7 14 3.033333333333333
10 100 8 12 3.7333333333333334
10 101 9 11 4.233333333333333
10 102 9 10 5.033333333333333
10 103 9 11 4.266666666666667
10 104 8 13 3.3
10 105 7 15 2.966666666666667
10 106 7 16 3.066666666666667
10 107 5 19 4.0
10 108 3 21 5.333333333333333
10 109 1 21 5.333333333333333
10 110 1 19 3.966666666666667
10 111 2 17 3.2333333333333334
10 112 5 15 2.933333333333333
10 113 8 14 3.033333333333333
10 114 9 12 3.6666666666666665
10 115 9 11 4.233333333333333
10 116 9 10 5.066666666666666
10 117 9 12 3.6666666666666665
10 118 8 13 3.2666666666666666
10 119 7 15 2.9
10 120 6 17 3.2333333333333334
10 121 5 19 3.966666666666667
10 122 2 21 5.3
10 123 1 20 4.533333333333333
10 124 1 19 3.9
10 125 3 17 3.1666666666666665
10 126 5 15 2.9
10 127 7 14 3.033333333333333
10 128 9 12 3.6333333333333333
10 129 9 11 4.233333333333333
10 130 9 10 5.133333333333334
10 131 9 12 3.6333333333333333
10 132 8 13 3.2666666666666666
10 133 7 15 2.933333333333333
10 134 6 18 3.466666666666667
10 135 4 19 3.8333333333333335
10 136 2 21 5.2
10 137 1 20 4.4
10 138 1 19 3.8666666666666667
10 139 3 17 3.1666666666666665
10 140 5 15 2.9
10 141 8 13 3.2666666666666666
10 142 9 12 3.6333333333333333
10 143 9 11 4.233333333333333
10 144 9 11 4.233333333333333
10 145 9 12 3.6333333333333333
10 146 8 14 3.033333333333333
10 147 7 16 2.966666666666667
10 148 6 18 3.4
10 149 4 20 4.4
10 150 2 21 5.166666666666667
10 151 0 20 4.366666666666666
10 152 1 18 3.4
10 153 4 16 2.9
10 154 6 15 2.8666666666666667
10 155 8 13 3.2666666666666666
10 156 9 12 3.6666666666666665
10 157 9 11 4.233333333333333
10 158 9 11 4.233333333333333
10 159 8 12 3.7
10 160 7 14 3.066666666666667
10 161 7 16 2.933333333333333
10 162 5 18 3.466666666666667
10 163 4 20 4.5
10 164 1 21 5.266666666666667
10 165 0 20 4.5
10 166 1 18 3.466666666666667
10 167 4 16 2.9
10 168 6 15 2.9
10 169 8 13 3.3333333333333335
10 170 9 11 4.3
10 171 9 10 5.1
10 172 9 11 4.3
10 173 9 12 3.9
10 174 8 14 3.433333333333333
10 175 7 16 3.5
10 176 6 18 4.233333333333333
10 177 4 20 5.5
10 178 1 21 6.366666666666666
10 179 0 20 5.5
10 180 1 18 4.3
10 181 4 16 3.566666666666667
10 182 6 15 3.433333333333333
10 183 8 13 3.6333333333333333
10 184 9 11 4.333333333333333
10 185 10 10 5.033333333333333
10 186 11 10 5.033333333333333
10 187 11 9 6.0
10 188 10 10 5.033333333333333
10 189 9 11 4.366666666666666
10 190 8 12 3.933333333333333
10 191 7 14 3.4
10 192 7 16 3.566666666666667
10 193 5 19 4.9
10 194 3 21 6.3
10 195 1 21 6.333333333333333
10 196 1 20 5.6
10 197 2 17 3.9
10 198 4 16 3.566666666666667
10 199 7 14 3.4
10 200 8 13 3.566666666666667
10 201 9 11 4.3
10 202 9 10 5.066666666666666
10 203 9 11 4.333333333333333
10 204 8 13 3.3666666666666667
10 205 7 14 3.1
10 206 7 16 3.1
10 207 5 19 4.033333333333333
10 208 3 21 5.166666666666667
10 209 1 21 5.166666666666667
10 210 1 19 3.966666666666667
10 211 2 17 3.2333333333333334
10 212 5 16 3.033333333333333
10 213 7 14 3.066666666666667
10 214 9 12 3.7666666666666666
10 215 9 11 4.3
10 216 9 10 5.166666666666667
10 217 9 12 3.7
10 218 8 14 3.066666666666667
10 219 7 15 3.0
10 220 6 18 3.6
10 221 4 20 4.5
10 222 2 21 5.133333333333334
10 223 1 20 4.366666666666666
10 224 1 19 3.9
10 225 3 17 3.2333333333333334
10 226 6 15 2.966666666666667
10 227 8 13 3.3333333333333335
10 228 9 12 3.6666666666666665
10 229 9 11 4.3
10 230 9 11 4.3
10 231 9 12 3.7
10 232 8 13 3.3
10 233 7 15 2.966666666666667
10 234 6 18 3.6
10 235 4 20 4.466666666666667
10 236 2 21 5.233333333333333
10 237 1 20 4.466666666666667
10 238 1 19 3.966666666666667
10 239 3 16 3.1
10 240 6 15 2.933333333333333
10 241 8 13 3.2333333333333334
10 242 9 12 3.6333333333333333
10 243 9 11 4.266666666666667
10 244 9 10 5.166666666666667
10 245 9 12 3.6666666666666665
10 246 8 14 3.1
10 247 7 15 3.0
10 248 6 18 3.533333333333333
10 249 4 20 4.466666666666667
10 250 2 21 5.233333333333333
10 251 1 20 4.466666666666667
10 252 1 18 3.5
10 253 3 17 3.2333333333333334
10 254 6 15 2.9
10 255 8 13 3.3333333333333335
10 256 9 12 3.7333333333333334
10 257 9 10 5.133333333333334
10 258 9 11 4.333333333333333
10 259 9 12 3.8
10 260 8 14 3.066666666666667
10 261 7 16 3.033333333333333
10 262 6 18 3.533333333333333
10 263 3 20 4.466666666666667
10 264 2 21 5.2
10 265 0 20 4.5
10 266 1 18 3.466666666666667
10 267 4 16 3.0
10 268 6 15 3.033333333333333
10 269 8 13 3.3666666666666667
10 270 9 11 4.333333333333333
10 271 9 10 5.1
10 272 9 11 4.3
10 273 8 13 3.4
10 274 7 14 3.1666666666666665
10 275 7 16 3.066666666666667
10 276 5 19 4.0
10 277 3 21 5.233333333333333
10 278 1 21 5.2
10 279 0 19 3.966666666666667
10 280 2 18 3.6
10 281 5 16 3.066666666666667
10 282 7 14 3.1333333333333333
10 283 8 12 3.8333333333333335
10 284 9 11 4.3
10 285 9 10 5.066666666666666
10 286 9 11 4.3
10 287 8 13 3.4
10 288 7 15 3.033333333333333
10 289 6 17 3.3666666666666667
10 290 5 19 4.066666666666666
10 291 2 21 5.3
10 292 1 21 5.3
10 293 1 19 4.033333333333333
10 294 3 17 3.2666666666666666
10 295 5 15 3.033333333333333
10 296 8 14 3.1333333333333333
10 297 9 12 3.7666666666666666
10 298 9 11 4.266666666666667
10 299 9 10 5.1
10 300 9 11 4.333333333333333
10 301 8 13 3.3666666666666667
10 302 7 15 2.966666666666667
10 303 7 16 3.1
10 304 5 19 4.066666666666666
10 305 3 21 5.3
10 306 1 21 5.3
10 307 1 19 4.033333333333333
10 308 3 17 3.2333333333333334
10 309 5 16 3.066666666666667
10 310 7 14 3.1
10 311 9 12 3.7
10 312 9 11 4.233333333333333
10 313 9 10 5.133333333333334
10 314 9 12 3.7
10 315 8 13 3.3333333333333335
10 316 7 15 2.966666666666667
10 317 6 17 3.2
10 318 4 20 4.5
10 319 2 21 5.133333333333334
10 320 1 20 4.4
10 321 1 19 3.933333333333333
10 322 3 17 3.1333333333333333
10 323 6 15 2.933333333333333
10 324 8 13 3.3333333333333335
10 325 9 12 3.7
10 326 9 11 4.233333333333333
10 327 9 11 4.233333333333333
10 328 9 12 3.7
10 329 8 14 3.1
10 330 7 16 3.033333333333333
10 331 6 18 3.533333333333333
10 332 4 20 4.466666666666667
10 333 2 21 5.2
10 334 0 20 4.433333333333334
10 335 1 18 3.433333333333333
10 336 4 16 3.0
10 337 6 15 2.966666666666667
10 338 8 13 3.3333333333333335
10 339 9 11 4.333333333333333
10 340 9 10 5.2
10 341 9 11 4.266666666666667
10 342 9 12 3.7666666666666666
10 343 8 14 3.1333333333333333
10 344 7 16 3.066666666666667
10 345 6 18 3.6
10 346 4 20 4.766666666666667
10 347 2 21 5.633333333333334
10 348 1 20 4.766666666666667
10 349 1 18 3.533333333333333
10 350 3 17 3.3333333333333335
10 351 6 15 3.3
10 352 8 13 3.8666666666666667
10 353 9 12 4.466666666666667
10 354 9 11 5.166666666666667
10 355 9 10 6.166666666666667
10 356 9 11 5.3
10 357 8 13 3.9
10 358 8 14 3.533333333333333
10 359 7 16 3.3
10 360 6 18 3.566666666666667
10 361 6 19 4.066666666666666
10 362 6 19 4.133333333333334
10 363 6 19 4.1
10 364 5 20 4.866666666666666
10 365 3 21 5.666666666666667
10 366 1 21 5.566666666666666
10 367 1 19 4.066666666666666
10 368 2 18 3.6333333333333333
10 369 5 15 3.6333333333333333
10 370 7 14 3.8
10 371 8 13 4.233333333333333
10 372 9 11 5.733333333333333
10 373 9 10 6.633333333333334
10 374 9 11 5.6
10 375 8 12 4.766666666666667
10 376 8 14 3.7
10 377 7 16 3.433333333333333
10 378 6 18 3.6666666666666665
10 379 6 20 4.566666666666666
10 380 4 21 5.3
10 381 2 22 6.3
10 382 1 20 4.566666666666666
10 383 1 19 4.066666666666666
10 384 3 17 3.433333333333333
10 385 5 15 3.2333333333333334
10 386 7 14 3.4
10 387 9 12 4.133333333333334
10 388 9 11 4.766666666666667
10 389 9 10 5.733333333333333
10 390 9 12 4.066666666666666
10 391 8 14 3.3
10 392 7 15 3.2
10 393 6 18 3.566666666666667
10 394 4 20 4.4
10 395 2 21 5.133333333333334
10 396 1 20 4.433333333333334
10 397 1 19 3.9
10 398 3 17 3.2666666666666666
10 399 5 15 3.0
10 400 7 13 3.3666666666666667
10 401 9 12 3.7333333333333334
10 402 9 11 4.333333333333333
10 403 9 11 4.333333333333333
10 404 9 12 3.7333333333333334
10 405 8 13 3.3666666666666667
10 406 7 15 3.033333333333333
10 407 6 18 3.533333333333333
10 408 4 20 4.4
10 409 2 21 5.1
10 410 1 21 5.166666666666667
10 411 1 19 3.933333333333333
10 412 3 17 3.2333333333333334
10 413 5 15 2.966666666666667
10 414 8 13 3.3
10 415 9 12 3.7
10 416 9 11 4.266666666666667
10 417 9 11 4.266666666666667
10 418 9 12 3.7333333333333334
10 419 8 14 3.1666666666666665
10 420 7 16 3.1
10 421 6 18 3.566666666666667
10 422 4 20 4.566666666666666
10 423 2 21 5.2
10 424 0 20 4.6
10 425 1 18 3.7666666666666666
10 426 4 16 3.4
10 427 6 15 3.4
10 428 8 13 3.9
10 429 9 11 5.0
10 430 9 10 5.9
10 431 9 11 4.933333333333334
10 432 8 12 4.366666666666666
10 433 7 14 3.6333333333333333
10 434 7 16 3.4
10 435 5 18 3.8
10 436 3 21 5.4
10 437 2 23 7.166666666666667
10 438 2 22 6.166666666666667
10 439 1 21 5.333333333333333
10 440 0 20 4.8
10 441 2 18 3.9
10 442 5 16 3.433333333333333
10 443 7 14 3.6
10 444 8 12 4.333333333333333
10 445 9 11 4.933333333333334
10 446 9 10 5.833333333333333
10 447 9 11 5.0
10 448 8 13 3.9
10 449 7 15 3.433333333333333
10 450 6 16 3.533333333333333
10 451 5 19 4.2
10 452 2 21 5.233333333333333
10 453 1 21 5.233333333333333
10 454 1 19 4.0
10 455 2 17 3.3333333333333335
10 456 5 15 3.0
10 457 7 14 3.1
10 458 9 12 3.7333333333333334
10 459 9 11 4.3
10 460 9 10 5.133333333333334
10 461 9 12 3.7333333333333334
10 462 8 13 3.3333333333333335
10 463 7 15 2.933333333333333
10 464 6 18 3.6333333333333333
10 465 4 20 4.633333333333334
10 466 2 21 5.266666666666667
10 467 1 20 4.5
10 468 1 19 3.933333333333333
10 469 3 17 3.2
10 470 6 15 2.9
10 471 7 14 3.033333333333333
10 472 9 12 3.7
10 473 9 11 4.333333333333333
10 474 9 10 5.166666666666667
10 475 9 12 3.7
10 476 8 13 3.3
10 477 7 15 2.966666666666667
10 478 6 17 3.2666666666666666
10 479 5 19 3.933333333333333
10 480 2 21 5.266666666666667
10 481 1 20 4.466666666666667
10 482 1 19 3.9
10 483 3 17 3.2
10 484 5 15 2.933333333333333
10 485 7 14 3.066666666666667
10 486 9 12 3.6666666666666665
10 487 9 11 4.266666666666667
10 488 9 10 5.166666666666667
10 489 9 12 3.6333333333333333
10 490 8 13 3.2333333333333334
10 491 7 15 2.933333333333333
10 492 6 18 3.6
10 493 4 20 4.533333333333333
10 494 2 21 5.266666666666667
10 495 1 20 4.433333333333334
10 496 1 19 3.933333333333333
10 497 3 17 3.2333333333333334
10 498 5 15 2.966666666666667
10 499 7 13 3.2666666666666666
10 500 9 12 3.6333333333333333
10 501 9 11 4.233333333333333
10 502 9 11 4.233333333333333
10 503 9 12 3.6333333333333333
10 504 8 13 3.2666666666666666
10 505 7 15 3.0
10 506 6 17 3.2333333333333334
10 507 4 20 4.4
10 508 2 21 5.166666666666667
10 509 1 20 4.4
10 510 1 19 3.9
10 511 3 17 3.1333333333333333
10 512 5 15 2.933333333333333
10 513 8 13 3.2333333333333334
10 514 9 12 3.6
10 515 9 11 4.233333333333333
10 516 9 11 4.233333333333333
10 517 9 12 3.6333333333333333
10 518 8 14 3.033333333333333
10 519 7 16 3.033333333333333
10 520 6 18 3.466666666666667
10 521 4 20 4.4
10 522 2 21 5.133333333333334
10 523 1 20 4.366666666666666
10 524 1 18 3.3666666666666667
10 525 3 17 3.1
10 526 6 15 2.9
10 527 8 13 3.2666666666666666
10 528 9 12 3.6666666666666665
10 529 9 11 4.333333333333333
10 530 9 11 4.333333333333333
10 531 9 12 3.7333333333333334
10 532 8 14 3.066666666666667
10 533 7 15 2.966666666666667
10 534 6 18 3.466666666666667
10 535 4 20 4.5
10 536 2 21 5.266666666666667
10 537 1 20 4.466666666666667
10 538 1 18 3.466666666666667
10 539 3 17 3.2
10 540 6 15 2.966666666666667
10 541 8 13 3.3666666666666667
10 542 9 12 3.7333333333333334
10 543 9 10 5.166666666666667
10 544 9 10 5.1
10 545 9 12 3.8666666666666667
10 546 8 14 3.433333333333333
10 547 7 15 3.4
10 548 6 18 4.266666666666667
10 549 4 20 5.533333333333333
10 550 2 21 6.566666666666666
10 551 1 20 5.833333333333333
10 552 1 19 5.1
10 553 3 17 3.8666666666666667
10 554 6 15 3.2
10 555 8 13 3.2666666666666666
10 556 9 11 4.266666666666667
10 557 10 11 4.5
10 558 11 10 5.333333333333333
10 559 12 10 5.533333333333333
10 560 11 10 5.7
10 561 10 10 5.733333333333333
10 562 9 12 4.3
10 563 9 13 3.8333333333333335
10 564 10 13 3.7333333333333334
10 565 12 14 3.5
10 566 12 15 3.3666666666666667
10 567 12 18 4.466666666666667
10 568 10 19 5.1
10 569 7 20 5.766666666666667
10 570 3 21 6.466666666666667
10 571 2 21 6.233333333333333
10 572 0 20 5.166666666666667
10 573 1 18 4.0
10 574 4 16 3.4
10 575 6 15 3.2666666666666666
10 576 8 13 3.6333333333333333
10 577 9 11 4.9
10 578 9 10 5.766666666666667
10 579 9 11 4.866666666666666
10 580 8 12 4.266666666666667
10 581 7 14 3.4
10 582 7 16 3.2666666666666666
10 583 5 19 3.966666666666667
10 584 3 20 4.466666666666667
10 585 1 21 5.266666666666667
10 586 0 20 4.533333333333333
10 587 2 18 3.566666666666667
10 588 4 16 3.033333333333333
10 589 7 14 3.1
10 590 8 13 3.3666666666666667
10 591 9 11 4.266666666666667
10 592 9 10 5.033333333333333
10 593 9 11 4.266666666666667
10 594 8 13 3.3666666666666667
10 595 7 14 3.1333333333333333
10 596 6 16 3.1
10 597 5 19 3.966666666666667
10 598 3 20 4.5
10 599 1 21 5.233333333333333
10 600 1 19 4.0
10 601 2 18 3.6333333333333333
10 602 5 16 3.1
10 603 7 14 3.1
10 604 8 12 3.8
10 605 9 11 4.3
10 606 9 10 5.1
10 607 9 11 4.333333333333333
10 608 8 13 3.3666666666666667
10 609 7 15 3.0
10 610 6 17 3.3
10 611 5 19 4.033333333333333
10 612 2 21 5.333333333333333
10 613 1 21 5.3
10 614 1 20 4.6
10 615 2 17 3.433333333333333
10 616 5 15 3.3
10 617 7 14 3.433333333333333
10 618 8 12 4.2
10 619 9 11 4.833333333333333
10 620 9 10 5.7
10 621 9 12 4.166666666666667
10 622 8 13 3.6666666666666665
10 623 7 15 3.1666666666666665
10 624 7 16 3.1666666666666665
10 625 7 18 3.6
10 626 6 20 4.5
10 627 4 21 5.2
10 628 2 22 6.2
10 629 0 20 4.5
10 630 1 19 4.066666666666666
10 631 3 17 3.3333333333333335
10 632 6 15 3.1333333333333333
10 633 8 13 3.6
10 634 9 12 4.1
10 635 9 11 4.8
10 636 9 11 4.8
10 637 9 12 4.1
10 638 8 14 3.3333333333333335
10 639 7 16 3.1
10 640 6 18 3.5
10 641 4 20 4.4
10 642 2 21 5.166666666666667
10 643 1 20 4.433333333333334
10 644 1 18 3.433333333333333
10 645 4 16 2.966666666666667
10 646 6 15 2.933333333333333
10 647 8 13 3.2666666666666666
10 648 9 12 3.6666666666666665
10 649 9 10 5.133333333333334
10 650 9 11 4.233333333333333
10 651 9 12 3.7
10 652 8 14 3.066666666666667
10 653 7 16 3.033333333333333
10 654 5 18 3.6
10 655 3 20 4.566666666666666
10 656 2 21 5.266666666666667
10 657 0 20 4.566666666666666
10 658 1 18 3.6
10 659 4 16 3.066666666666667
10 660 7 14 3.1
10 661 8 13 3.3666666666666667
10 662 9 11 4.333333333333333
10 663 9 10 5.1
10 664 9 11 4.3
10 665 8 12 3.8333333333333335
10 666 8 14 3.1333333333333333
10 667 7 16 3.1
10 668 5 19 4.1
10 669 3 21 5.266666666666667
10 670 1 21 5.233333333333333
10 671 1 20 4.633333333333334
10 672 2 18 3.7
10 673 4 16 3.1
10 674 7 14 3.1
10 675 8 13 3.3666666666666667
10 676 9 11 4.3
10 677 9 10 5.066666666666666
10 678 9 11 4.3
10 679 8 13 3.4
10 680 7 15 3.066666666666667
10 681 7 16 3.1333333333333333
10 682 5 19 4.066666666666666
10 683 3 21 5.233333333333333
10 684 1 21 5.233333333333333
10 685 1 19 4.033333333333333
10 686 2 17 3.3
10 687 5 15 3.0
10 688 7 14 3.1
10 689 8 12 3.7333333333333334
10 690 9 11 4.233333333333333
10 691 9 10 5.033333333333333
10 692 9 11 4.266666666666667
10 693 8 13 3.3
10 694 7 15 3.0
10 695 6 17 3.3666666666666667
10 696 5 19 4.1
10 697 2 21 5.3
10 698 1 21 5.333333333333333
10 699 1 19 4.066666666666666
10 700 3 17 3.2666666666666666
10 701 5 15 2.966666666666667
10 702 8 13 3.3333333333333335
10 703 9 12 3.7
10 704 9 11 4.233333333333333
10 705 9 10 5.133333333333334
10 706 9 12 3.7
10 707 8 13 3.3
10 708 7 15 2.933333333333333
10 709 6 18 3.533333333333333
10 710 4 20 4.533333333333333
10 711 2 21 5.2
10 712 1 20 4.433333333333334
10 713 1 18 3.5
10 714 3 17 3.2
10 715 6 15 2.933333333333333
10 716 8 14 3.1
10 717 9 12 3.7
10 718 9 11 4.266666666666667
10 719 9 11 4.266666666666667
10 720 9 12 3.7333333333333334
10 721 8 14 3.066666666666667
10 722 7 15 2.966666666666667
10 723 6 18 3.433333333333333
10 724 4 20 4.366666666666666
10 725 2 21 5.133333333333334
10 726 0 20 4.366666666666666
10 727 1 19 3.9
10 728 3 17 3.1666666666666665
10 729 6 15 2.933333333333333
10 730 8 13 3.3333333333333335
10 731 9 11 4.3
10 732 9 11 4.2
10 733 9 11 4.2
10 734 9 12 3.7333333333333334
10 735 8 14 3.1
10 736 7 16 3.1
10 737 5 18 3.566666666666667
10 738 4 20 4.5
10 739 2 21 5.266666666666667
10 740 0 20 4.5
10 741 1 18 3.533333333333333
10 742 4 16 3.033333333333333
10 743 6 14 3.1
10 744 8 13 3.3333333333333335
10 745 9 11 4.2
10 746 9 10 5.1
10 747 9 11 4.166666666666667
10 748 9 12 3.7
10 749 8 14 3.066666666666667
10 750 7 16 3.0
10 751 5 18 3.533333333333333
10 752 4 20 4.566666666666666
10 753 2 21 5.333333333333333
10 754 1 20 4.566666666666666
10 755 1 18 3.533333333333333
10 756 4 16 3.0
10 757 5 15 3.0
10 758 8 13 3.2666666666666666
10 759 9 11 4.266666666666667
10 760 9 11 4.2
10 761 9 11 4.266666666666667
10 762 9 12 3.7
10 763 7 14 3.0
10 764 7 16 2.966666666666667
10 765 5 18 3.533333333333333
10 766 3 20 4.5
10 767 1 21 5.233333333333333
10 768 0 20 4.566666666666666
10 769 2 18 3.566666666666667
10 770 4 16 2.966666666666667
10 771 7 14 2.966666666666667
10 772 9 13 3.2333333333333334
10 773 9 12 3.6333333333333333
10 774 9 10 5.033333333333333
10 775 9 11 4.2
10 776 8 13 3.2666666666666666
10 777 7 14 3.033333333333333
10 778 7 16 3.066666666666667
10 779 5 19 4.066666666666666
10 780 3 21 5.333333333333333
10 781 1 21 5.3
10 782 1 19 4.0
10 783 2 17 3.2666666666666666
10 784 5 15 2.933333333333333
10 785 7 14 2.966666666666667
10 786 8 12 3.6666666666666665
10 787 9 11 4.233333333333333
10 788 9 10 5.0
10 789 9 11 4.2
10 790 8 13 3.3
10 791 7 15 2.933333333333333
10 792 6 17 3.3333333333333335
10 793 5 19 4.066666666666666
10 794 2 21 5.433333333333334
10 795 1 20 4.633333333333334
10 796 1 19 4.033333333333333
10 797 3 17 3.2666666666666666
10 798 5 15 2.966666666666667
10 799 7 14 3.1
10 800 9 12 3.7666666666666666
10 801 9 11 4.266666666666667
10 802 9 10 5.033333333333333
10 803 9 11 4.3
10 804 8 13 3.566666666666667
10 805 7 15 3.3666666666666667
10 806 7 16 3.533333333333333
10 807 5 19 4.766666666666667
10 808 3 20 5.466666666666667
10 809 1 21 6.333333333333333
10 810 0 20 5.433333333333334
10 811 2 18 4.3
10 812 5 16 3.566666666666667
10 813 7 14 3.433333333333333
10 814 8 12 3.9
10 815 9 11 4.333333333333333
10 816 10 10 5.033333333333333
10 817 11 10 5.033333333333333
10 818 11 10 5.033333333333333
10 819 10 10 5.033333333333333
10 820 9 11 4.333333333333333
10 821 8 13 3.6
10 822 7 15 3.433333333333333
10 823 6 17 3.8333333333333335
10 824 4 20 5.433333333333334
10 825 2 21 6.266666666666667
10 826 1 20 5.466666666666667
10 827 1 19 4.8
10 828 2 17 3.8
10 829 5 15 3.4
10 830 7 14 3.4
10 831 9 12 3.933333333333333
10 832 9 11 4.366666666666666
10 833 9 10 5.1
10 834 9 11 4.366666666666666
10 835 8 13 3.3666666666666667
10 836 7 15 3.0
10 837 6 17 3.2666666666666666
10 838 5 19 4.066666666666666
10 839 2 21 5.333333333333333
10 840 1 21 5.366666666666666
10 841 1 19 4.033333333333333
10 842 2 17 3.2333333333333334
10 843 5 16 3.033333333333333
10 844 7 14 3.033333333333333
10 845 8 13 3.3333333333333335
10 846 9 11 4.333333333333333
10 847 9 10 5.133333333333334
10 848 9 11 4.366666666666666
10 849 8 13 3.3
10 850 7 14 3.033333333333333
10 851 6 16 3.033333333333333
10 852 5 19 4.066666666666666
10 853 3 21 5.333333333333333
10 854 1 21 5.333333333333333
10 855 1 19 4.066666666666666
10 856 2 17 3.2666666666666666
10 857 5 16 3.0
10 858 7 14 2.933333333333333
10 859 8 13 3.1666666666666665
10 860 9 11 4.266666666666667
10 861 9 10 5.066666666666666
10 862 9 11 4.266666666666667
10 863 8 13 3.3
10 864 8 14 3.1
10 865 7 16 3.3333333333333335
10 866 5 19 4.633333333333334
10 867 3 21 6.1
10 868 1 21 6.066666666666666
10 869 1 19 4.6
10 870 2 17 3.6333333333333333
10 871 5 15 3.2
10 872 7 14 3.1333333333333333
10 873 9 13 3.3333333333333335
10 874 10 12 3.7333333333333334
10 875 11 11 4.266666666666667
10 876 11 10 5.066666666666666
10 877 10 10 5.1
10 878 9 11 4.3
10 879 9 12 3.7
10 880 8 14 3.1666666666666665
10 881 7 16 3.3
10 882 6 18 4.0
10 883 3 20 5.2
10 884 1 21 6.033333333333333
10 885 0 20 5.166666666666667
10 886 1 18 4.033333333333333
10 887 4 16 3.433333333333333
10 888 6 15 3.3666666666666667
10 889 8 13 3.7
10 890 9 12 4.066666666666666
10 891 9 10 5.533333333333333
10 892 9 11 4.666666666666667
10 893 8 12 3.966666666666667
10 894 8 14 3.2666666666666666
10 895 7 16 3.066666666666667
10 896 6 18 3.466666666666667
10 897 6 20 4.4
10 898 4 21 5.133333333333334
10 899 2 21 5.133333333333334
10 900 0 20 4.4
10 901 1 19 3.966666666666667
10 902 3 17 3.3
10 903 6 15 3.1333333333333333
10 904 8 13 3.533333333333333
10 905 9 12 4.0
10 906 9 11 4.6
10 907 9 11 4.6
10 908 9 12 4.0
10 909 8 14 3.2666666666666666
10 910 7 16 3.1666666666666665
10 911 5 18 3.566666666666667
10 912 4 20 4.4
10 913 2 21 5.166666666666667
10 914 0 20 4.433333333333334
10 915 1 18 3.533333333333333
10 916 4 16 3.066666666666667
10 917 6 14 3.066666666666667
10 918 8 13 3.3
10 919 9 11 4.266666666666667
10 920 9 10 5.1
10 921 9 11 4.2
10 922 9 12 3.7333333333333334
10 923 7 14 3.1
10 924 6 16 3.1333333333333333
10 925 5 19 4.133333333333334
10 926 3 20 4.6
10 927 1 21 5.333333333333333
10 928 0 20 4.666666666666667
10 929 2 18 3.7
10 930 5 16 3.1
10 931 7 14 3.066666666666667
10 932 8 13 3.3333333333333335
10 933 9 11 4.266666666666667
10 934 9 10 5.033333333333333
10 935 9 11 4.266666666666667
10 936 8 12 3.7666666666666666
10 937 7 14 3.066666666666667
10 938 6 16 3.1
10 939 5 19 4.1
10 940 2 21 5.333333333333333
10 941 1 21 5.3
10 942 1 19 4.133333333333334
10 943 2 17 3.3666666666666667
10 944 5 16 3.066666666666667
10 945 7 14 3.066666666666667
10 946 8 13 3.3333333333333335
10 947 9 11 4.266666666666667
10 948 9 10 5.033333333333333
10 949 9 11 4.266666666666667
10 950 8 13 3.3666666666666667
10 951 8 14 3.1333333333333333
10 952 7 16 3.1
10 953 5 19 4.1
10 954 3 21 5.266666666666667
10 955 1 21 5.266666666666667
10 956 1 20 4.7
10 957 2 17 3.2666666666666666
10 958 5 16 3.066666666666667
10 959 7 14 3.1
10 960 8 12 3.8
10 961 9 11 4.3
10 962 9 10 5.066666666666666
10 963 9 11 4.3
10 964 8 13 3.4
10 965 7 15 3.066666666666667
10 966 6 17 3.3333333333333335
10 967 5 19 4.1
10 968 2 21 5.266666666666667
10 969 1 21 5.266666666666667
10 970 1 19 4.066666666666666
10 971 3 17 3.2666666666666666
10 972 5 15 3.0
10 973 8 14 3.1333333333333333
10 974 9 12 3.7666666666666666
10 975 9 11 4.266666666666667
10 976 9 10 5.066666666666666
10 977 9 11 4.3
10 978 8 13 3.4
10 979 7 15 3.0
10 980 6 17 3.2666666666666666
10 981 5 19 4.066666666666666
10 982 3 21 5.333333333333333
10 983 1 21 5.333333333333333
10 984 1 19 4.066666666666666
10 985 2 17 3.2666666666666666
10 986 5 15 2.966666666666667
10 987 7 14 3.066666666666667
10 988 9 12 3.8
10 989 9 11 4.3
10 990 9 10 5.1
10 991 9 11 4.333333333333333
10 992 8 13 3.3666666666666667
10 993 7 15 2.933333333333333
10 994 6 17 3.2666666666666666
10 995 5 19 4.066666666666666
10 996 3 21 5.333333333333333
10 997 1 21 5.333333333333333
10 998 1 19 4.066666666666666
10 999 2 17 3.2666666666666666
10 1000 5 15 2.9
10 1001 7 14 3.033333333333333
10 1002 9 13 3.3333333333333335
10 1003 9 11 4.266666666666667
10 1004 9 10 5.066666666666666
10 1005 9 11 4.3
10 1006 8 13 3.3333333333333335
10 1007 7 15 2.933333333333333
10 1008 7 16 3.1333333333333333
10 1009 5 19 4.1
10 1010 3 21 5.333333333333333
10 1011 1 21 5.333333333333333
10 1012 1 19 4.066666666666666
10 1013 2 17 3.2666666666666666
10 1014 5 15 2.9
10 1015 7 14 3.033333333333333
10 1016 9 12 3.7666666666666666
10 1017 9 11 4.266666666666667
10 1018 9 10 5.066666666666666
10 1019 9 11 4.3
10 1020 8 13 3.3333333333333335
10 1021 7 15 2.966666666666667
10 1022 6 17 3.3333333333333335
10 1023 4 20 4.633333333333334
10 1024 2 21 5.266666666666667
10 1025 1 20 4.5
10 1026 1 19 4.0
10 1027 3 17 3.2666666666666666
10 1028 5 15 3.0
10 1029 7 14 3.1333333333333333
10 1030 9 12 3.7333333333333334
10 1031 9 11 4.3
10 1032 9 10 5.133333333333334
10 1033 9 12 3.7333333333333334
10 1034 8 13 3.3333333333333335
10 1035 7 15 3.0
10 1036 6 18 3.6666666666666665
10 1037 4 20 4.533333333333333
10 1038 2 21 5.266666666666667
10 1039 1 20 4.5
10 1040 1 19 4.0
10 1041 3 17 3.2333333333333334
10 1042 5 15 2.966666666666667
10 1043 8 13 3.2666666666666666
10 1044 9 12 3.6666666666666665
10 1045 9 11 4.266666666666667
10 1046 9 10 5.1
10 1047 9 12 3.6666666666666665
10 1048 8 13 3.3
10 1049 7 15 3.033333333333333
10 1050 6 17 3.2666666666666666
10 1051 4 20 4.5
10 1052 2 21 5.266666666666667
10 1053 1 20 4.5
10 1054 1 18 3.533333333333333
10 1055 3 17 3.2
10 1056 6 15 2.933333333333333
10 1057 8 13 3.2333333333333334
10 1058 9 12 3.6
10 1059 9 10 5.133333333333334
10 1060 9 11 4.233333333333333
10 1061 9 12 3.6333333333333333
10 1062 8 14 3.033333333333333
10 1063 7 16 2.966666666666667
10 1064 6 18 3.466666666666667
10 1065 4 20 4.466666666666667
10 1066 2 21 5.2
10 1067 0 20 4.433333333333334
10 1068 1 18 3.4
10 1069 4 16 2.9
10 1070 7 15 2.9
10 1071 8 13 3.2666666666666666
10 1072 9 12 3.6333333333333333
10 1073 9 11 4.266666666666667
10 1074 9 11 4.266666666666667
10 1075 9 12 3.6333333333333333
10 1076 8 14 3.0
10 1077 7 16 2.8666666666666667
10 1078 5 18 3.4
10 1079 4 20 4.433333333333334
10 1080 2 21 5.2
10 1081 0 20 4.433333333333334
10 1082 1 18 3.4
10 1083 4 16 2.8333333333333335
10 1084 6 15 2.8333333333333335
10 1085 8 13 3.2666666666666666
10 1086 9 12 3.6666666666666665
10 1087 9 11 4.233333333333333
10 1088 9 11 4.233333333333333
10 1089 8 12 3.7
10 1090 8 14 3.066666666666667
10 1091 7 16 2.966666666666667
10 1092 5 18 3.533333333333333
10 1093 4 20 4.5
10 1094 2 21 5.2
10 1095 0 20 4.5
10 1096 1 18 3.533333333333333
10 1097 4 16 3.0
10 1098 6 15 3.0
10 1099 8 13 3.3666666666666667
10 1100 9 11 4.333333333333333
10 1101 9 10 5.166666666666667
10 1102 9 11 4.3
10 1103 8 12 3.8666666666666667
10 1104 7 14 3.1666666666666665
10 1105 7 16 3.066666666666667
10 1106 5 19 4.033333333333333
10 1107 3 21 5.266666666666667
10 1108 1 21 5.233333333333333
10 1109 0 20 4.533333333333333
10 1110 2 18 3.566666666666667
10 1111 4 16 3.033333333333333
10 1112 7 14 3.1333333333333333
10 1113 8 13 3.4
10 1114 9 11 4.366666666666666
10 1115 9 10 5.133333333333334
10 1116 9 11 4.366666666666666
10 1117 8 13 3.3666666666666667
10 1118 7 15 3.066666666666667
10 1119 6 16 3.066666666666667
10 1120 5 19 3.966666666666667
10 1121 3 20 4.5
10 1122 1 21 5.233333333333333
10 1123 1 19 3.933333333333333
10 1124 2 18 3.533333333333333
10 1125 5 16 3.0
10 1126 7 14 3.066666666666667
10 1127 8 13 3.3333333333333335
10 1128 9 11 4.333333333333333
10 1129 9 10 5.1
10 1130 9 11 4.333333333333333
10 1131 8 13 3.3333333333333335
10 1132 8 14 3.1
10 1133 7 16 3.1
10 1134 5 19 4.0
10 1135 3 20 4.533333333333333
10 1136 1 21 5.3
10 1137 0 20 4.633333333333334
10 1138 2 18 3.6
10 1139 5 16 3.1
10 1140 7 14 3.1
10 1141 8 12 3.8
10 1142 9 11 4.3
10 1143 9 10 5.066666666666666
10 1144 9 11 4.3
10 1145 8 13 3.3666666666666667
10 1146 8 14 3.1
10 1147 6 17 3.4
10 1148 5 19 4.1
10 1149 3 21 5.333333333333333
10 1150 1 21 5.3
10 1151 1 19 4.1
10 1152 2 17 3.4
10 1153 5 16 3.1666666666666665
10 1154 7 14 3.1666666666666665
10 1155 9 12 3.8
10 1156 9 11 4.3
10 1157 9 10 5.1
10 1158 9 11 4.333333333333333
10 1159 8 13 3.433333333333333
10 1160 7 14 3.2
10 1161 6 16 3.2
10 1162 5 19 4.066666666666666
10 1163 3 21 5.3
10 1164 1 21 5.3
10 1165 0 20 4.666666666666667
10 1166 2 18 3.6666666666666665
10 1167 4 16 3.1
10 1168 7 14 3.1333333333333333
10 1169 8 12 3.7666666666666666
10 1170 9 11 4.233333333333333
10 1171 9 10 5.133333333333334
10 1172 9 11 4.3
10 1173 8 13 3.3333333333333335
10 1174 7 15 3.033333333333333
10 1175 6 17 3.3333333333333335
10 1176 5 19 3.966666666666667
10 1177 2 21 5.166666666666667
10 1178 1 20 4.4
10 1179 1 19 3.9
10 1180 3 17 3.2333333333333334
10 1181 5 15 3.0
10 1182 8 14 3.1
10 1183 9 12 3.6666666666666665
10 1184 9 11 4.2
10 1185 9 11 4.2
10 1186 9 12 3.6666666666666665
10 1187 8 13 3.3
10 1188 7 15 2.933333333333333
10 1189 6 18 3.466666666666667
10 1190 4 20 4.4
10 1191 2 21 5.133333333333334
10 1192 1 20 4.333333333333333
10 1193 1 19 3.8666666666666667
10 1194 3 17 3.2
10 1195 5 15 2.933333333333333
10 1196 8 13 3.2333333333333334
10 1197 9 12 3.6333333333333333
10 1198 9 11 4.233333333333333
10 1199 9 11 4.233333333333333
10 1200 9 12 3.6333333333333333
10 1201 8 14 3.066666666666667
10 1202 7 16 3.066666666666667
10 1203 6 18 3.5
10 1204 4 20 4.433333333333334
10 1205 2 21 5.2
10 1206 0 20 4.433333333333334
10 1207 1 18 3.466666666666667
10 1208 4 16 2.966666666666667
10 1209 7 14 3.033333333333333
10 1210 8 13 3.2666666666666666
10 1211 9 12 3.6666666666666665
10 1212 9 10 5.133333333333334
10 1213 9 11 4.266666666666667
10 1214 8 12 3.7333333333333334
10 1215 8 14 3.033333333333333
10 1216 7 16 2.966666666666667
10 1217 5 18 3.5
10 1218 4 20 4.533333333333333
10 1219 2 21 5.3
10 1220 0 20 4.533333333333333
10 1221 1 18 3.5
10 1222 4 16 2.933333333333333
10 1223 6 15 2.933333333333333
10 1224 8 13 3.2666666666666666
10 1225 9 11 4.4
10 1226 9 10 5.166666666666667
10 1227 9 11 4.333333333333333
10 1228 8 13 3.3333333333333335
10 1229 8 14 3.066666666666667
10 1230 7 16 2.933333333333333
10 1231 5 18 3.466666666666667
10 1232 3 20 4.5
10 1233 1 21 5.266666666666667
10 1234 0 20 4.5
10 1235 2 18 3.466666666666667
10 1236 4 16 2.9
10 1237 7 15 2.9
10 1238 8 13 3.3333333333333335
10 1239 9 12 3.8
10 1240 9 10 5.133333333333334
10 1241 9 11 4.366666666666666
10 1242 9 12 3.8
10 1243 8 14 3.033333333333333
10 1244 7 16 2.966666666666667
10 1245 5 18 3.533333333333333
10 1246 3 20 4.5
10 1247 2 21 5.2
10 1248 0 20 4.5
10 1249 2 18 3.533333333333333
10 1250 4 16 3.0
10 1251 6 15 3.0
10 1252 8 13 3.3666666666666667
10 1253 9 11 4.4
10 1254 9 10 5.166666666666667
10 1255 9 11 4.366666666666666
10 1256 8 13 3.4
10 1257 7 14 3.1666666666666665
10 1258 6 16 3.066666666666667
10 1259 5 19 4.0
10 1260 3 21 5.166666666666667
10 1261 1 21 5.133333333333334
10 1262 1 20 4.533333333333333
10 1263 2 18 3.6
10 1264 4 16 3.1
10 1265 7 14 3.1666666666666665
10 1266 8 13 3.3666666666666667
10 1267 9 11 4.333333333333333
10 1268 9 10 5.1
10 1269 9 11 4.3
10 1270 8 13 3.3333333333333335
10 1271 7 15 3.1666666666666665
10 1272 6 17 3.6
10 1273 5 19 4.566666666666666
10 1274 2 21 6.166666666666667
10 1275 1 21 6.366666666666666
10 1276 1 19 5.033333333333333
10 1277 3 17 3.8333333333333335
10 1278 5 15 2.8
10 1279 7 13 2.1
10 1280 9 12 2.433333333333333
10 1281 11 11 3.033333333333333
10 1282 12 10 3.933333333333333
10 1283 14 11 3.1333333333333333
10 1284 15 12 2.433333333333333
10 1285 17 13 1.8333333333333333
10 1286 19 14 1.9666666666666666
10 1287 22 14 1.9333333333333333
10 1288 24 13 1.7333333333333334
10 1289 25 12 2.2
10 1290 24 13 1.3333333333333333
10 1291 24 13 1.1
10 1292 24 13 0.9333333333333333
10 1293 24 13 0.8333333333333334
10 1294 24 13 0.8
10 1295 24 13 0.8333333333333334
10 1296 24 13 0.8333333333333334
10 1297 24 13 0.8
10 1298 23 14 0.5666666666666667
10 1299 22 14 0.5
10 1300 22 14 0.4482758620689655
10 1301 21 14 0.42857142857142855
10 1302 21 14 0.4444444444444444
10 1303 21 14 0.5555555555555556
10 1304 21 14 0.6666666666666666
10 1305 21 14 0.7777777777777778
10 1306 21 14 0.9629629629629629
10 1307 21 14 1.1481481481481481
10 1308 21 14 1.3333333333333333
10 1309 21 14 1.5185185185185186
10 1310 21 14 1.7037037037037037
10 1311 21 14 1.8888888888888888
10 1312 21 14 2.111111111111111
10 1313 21 14 2.3333333333333335
10 1314 21 13 2.6666666666666665
10 1315 0 0 0
10 1316 0 0 0
10 1317 0 0 0
10 1318 21 11 3.185185185185185
10 1319 21 10 3.111111111111111
10 1320 21 9 2.962962962962963
10 1321 21 8 2.740740740740741
10 1322 21 8 2.5925925925925926
10 1323 21 8 2.4444444444444446
10 1324 21 8 2.2962962962962963
10 1325 21 8 2.1481481481481484
10 1326 21 8 2.0
10 1327 21 7 1.7037037037037037
10 1328 22 7 1.4814814814814814
10 1329 23 7 1.2592592592592593
10 1330 24 7 1.037037037037037
10 1331 25 7 1.0
10 1332 26 6 1.103448275862069
10 1333 26 6 1.1
10 1334 27 6 0.9666666666666667
10 1335 27 6 0.8666666666666667
10 1336 27 6 0.8
10 1337 28 6 0.7666666666666667
10 1338 28 6 0.7333333333333333
10 1339 29 6 0.7
10 1340 29 6 0.6666666666666666
10 1341 30 6 0.6333333333333333
10 1342 30 6 0.6
10 1343 31 6 0.6
10 1344 31 6 0.6
10 1345 31 7 0.43333333333333335
10 1346 32 7 0.43333333333333335
10 1347 32 7 0.43333333333333335
10 1348 32 7 0.43333333333333335
10 1349 32 7 0.43333333333333335
10 1350 32 7 0.43333333333333335
10 1351 32 7 0.43333333333333335
10 1352 31 7 0.43333333333333335
10 1353 31 7 0.43333333333333335
10 1354 31 7 0.43333333333333335
10 1355 31 7 0.4
10 1356 31 7 0.36666666666666664
10 1357 31 7 0.3333333333333333
10 1358 30 7 0.3
10 1359 30 7 0.26666666666666666
10 1360 30 7 0.23333333333333334
10 1361 30 7 0.23333333333333334
10 1362 31 7 0.23333333333333334
10 1363 31 8 0.8333333333333334
10 1364 31 8 0.8666666666666667
10 1365 31 8 0.9
10 1366 31 8 0.9333333333333333
10 1367 31 8 0.9666666666666667
10 1368 31 8 1.0
10 1369 31 8 1.0
10 1370 31 7 0.43333333333333335
10 1371 30 7 0.43333333333333335
10 1372 30 7 0.43333333333333335
10 1373 30 7 0.43333333333333335
10 1374 30 7 0.4666666666666667
10 1375 30 7 0.5
10 1376 29 7 0.5333333333333333
10 1377 29 7 0.6
10 1378 28 6 1.3
10 1379 28 6 1.3666666666666667
10 1380 27 6 1.4333333333333333
10 1381 27 6 1.5333333333333334
10 1382 26 6 1.6666666666666667
10 1383 25 6 1.8
10 1384 24 7 1.3333333333333333
10 1385 23 7 1.5
10 1386 23 7 1.7
10 1387 22 7 1.8666666666666667
10 1388 22 7 2.066666666666667
10 1389 21 8 2.2333333333333334
10 1390 21 8 2.3666666666666667
10 1391 20 8 2.5
10 1392 20 9 2.566666666666667
10 1393 20 9 2.6
10 1394 20 10 2.566666666666667
10 1395 20 10 2.466666666666667
10 1396 19 11 2.3333333333333335
10 1397 19 12 2.3666666666666667
10 1398 19 12 2.2666666666666666
10 1399 19 13 2.7333333333333334
10 1400 19 13 2.7
10 1401 19 13 2.6666666666666665
10 1402 18 12 2.066666666666667
10 1403 19 13 2.6
10 1404 19 13 2.566666666666667
10 1405 19 13 2.566666666666667
10 1406 19 13 2.566666666666667
10 1407 18 12 2.0
10 1408 18 12 2.033333333333333
10 1409 18 12 2.066666666666667
10 1410 19 11 1.9666666666666666
10 1411 19 11 2.033333333333333
10 1412 20 10 2.1
10 1413 20 9 2.066666666666667
10 1414 20 9 2.0
10 1415 20 8 1.8666666666666667
10 1416 20 8 1.7
10 1417 21 8 1.5333333333333334
10 1418 21 8 1.4
10 1419 21 8 1.2666666666666666
10 1420 21 8 1.1333333333333333
10 1421 22 8 1.0
10 1422 22 8 0.8666666666666667
10 1423 22 8 0.7666666666666667
10 1424 22 8 0.6666666666666666
10 1425 22 8 0.5666666666666667
10 1426 22 8 0.5
10 1427 22 8 0.43333333333333335
10 1428 22 8 0.4
10 1429 21 8 0.4
10 1430 21 8 0.4
10 1431 20 8 0.43333333333333335
10 1432 20 8 0.4666666666666667
10 1433 19 8 0.5
10 1434 19 9 0.5
10 1435 18 9 0.5
10 1436 18 9 0.5
10 1437 18 9 0.5
10 1438 17 9 0.5
10 1439 17 9 0.5
10 1440 16 9 0.5333333333333333
10 1441 15 9 0.5666666666666667
10 1442 14 9 0.6
10 1443 14 9 0.6333333333333333
10 1444 14 9 0.6
10 1445 13 9 0.6333333333333333
10 1446 13 9 0.6206896551724138
10 1447 12 9 0.5862068965517241
10 1448 12 9 0.6551724137931034
10 1449 11 9 0.6896551724137931
10 1450 11 10 0.9655172413793104
10 1451 11 10 0.9655172413793104
10 1452 11 10 0.9655172413793104
10 1453 12 10 0.9310344827586207
10 1454 12 10 0.9310344827586207
10 1455 13 11 1.3448275862068966
10 1456 13 11 1.3448275862068966
10 1457 14 11 1.3448275862068966
10 1458 14 11 1.3448275862068966
10 1459 21 9 0.9310344827586207
10 1460 26 7 2.8620689655172415
10 1461 0 0 0
10 1462 21 9 0.9310344827586207
10 1463 17 12 2.2758620689655173
10 1464 18 11 1.2758620689655173
10 1465 19 11 1.2413793103448276
10 1466 20 11 1.2758620689655173
10 1467 20 11 1.3103448275862069
10 1468 20 10 0.9310344827586207
10 1469 21 9 0.896551724137931
10 1470 21 9 0.8620689655172413
10 1471 21 9 0.8275862068965517
10 1472 22 9 0.7931034482758621
10 1473 22 9 0.7931034482758621
10 1474 22 9 0.7931034482758621
10 1475 22 9 0.896551724137931
10 1476 22 9 0.9310344827586207
10 1477 22 9 1.0
10 1478 21 10 1.0
10 1479 20 10 1.0
10 1480 20 10 1.0666666666666667
10 1481 19 9 1.2333333333333334
10 1482 18 9 1.1666666666666667
10 1483 18 9 1.1
10 1484 18 9 1.103448275862069
10 1485 18 9 1.103448275862069
10 1486 17 10 1.1724137931034482
10 1487 17 10 1.1785714285714286
10 1488 17 11 1.5555555555555556
10 1489 17 11 1.5384615384615385
10 1490 17 12 2.0
10 1491 17 12 1.9583333333333333
10 1492 18 12 1.9583333333333333
10 1493 18 12 1.9583333333333333
10 1494 19 12 2.0833333333333335
10 1495 19 13 3.0833333333333335
10 1496 19 13 3.25
10 1497 21 9 1.625
10 1498 21 9 1.7916666666666667
10 1499 0 0 0
10 1500 21 9 2.125
10 1501 21 9 2.25
10 1502 0 0 0
10 1503 0 0 0
10 1504 0 0 0
10 1505 0 0 0
10 1506 0 0 0
10 1507 21 9 2.5652173913043477
10 1508 21 9 2.5652173913043477
10 1509 22 7 2.0
10 1510 22 7 1.7826086956521738
10 1511 23 6 1.565217391304348
10 1512 23 6 1.391304347826087
10 1513 24 5 2.0
10 1514 24 5 2.0
10 1515 24 5 2.0416666666666665
10 1516 24 6 1.375
10 1517 24 5 1.9583333333333333
10 1518 0 0 0
10 1519 24 6 1.3076923076923077
10 1520 24 5 1.962962962962963
10 1521 24 6 1.2857142857142858
10 1522 23 6 1.2758620689655173
10 1523 23 6 1.206896551724138
10 1524 23 7 0.9310344827586207
10 1525 22 7 0.9655172413793104
10 1526 22 8 1.5517241379310345
10 1527 22 9 2.3793103448275863
10 1528 21 9 2.3793103448275863
10 1529 21 9 2.3448275862068964
10 1530 21 8 1.4827586206896552
10 1531 21 8 1.4137931034482758
10 1532 21 8 1.4137931034482758
10 1533 22 7 0.9310344827586207
10 1534 22 7 0.9310344827586207
10 1535 23 7 0.9285714285714286
10 1536 25 7 0.9285714285714286
10 1537 26 7 0.9642857142857143
10 1538 27 7 1.0357142857142858
10 1539 28 7 1.1071428571428572
10 1540 28 6 1.3928571428571428
10 1541 29 6 1.4285714285714286
10 1542 29 6 1.4285714285714286
10 1543 30 6 1.3928571428571428
10 1544 30 6 1.3571428571428572
10 1545 31 6 1.3571428571428572
10 1546 21 9 3.0357142857142856
10 1547 31 6 1.3571428571428572
10 1548 21 9 3.2857142857142856
10 1549 0 0 0
10 1550 0 0 0
10 1551 30 5 1.3333333333333333
10 1552 30 5 1.2592592592592593
10 1553 29 4 1.5555555555555556
10 1554 29 4 1.5185185185185186
10 1555 29 4 1.4814814814814814
10 1556 29 4 1.4814814814814814
10 1557 28 4 1.4814814814814814
10 1558 27 4 1.4814814814814814
10 1559 27 4 1.4814814814814814
10 1560 21 9 3.7037037037037037
10 1561 26 4 1.4814814814814814
10 1562 25 4 1.3703703703703705
10 1563 25 5 1.0
10 1564 0 0 0
10 1565 25 5 0.8928571428571429
10 1566 25 5 0.9310344827586207
10 1567 25 5 0.9655172413793104
10 1568 26 5 1.0
10 1569 26 6 0.8620689655172413
10 1570 26 6 0.7931034482758621
10 1571 27 6 0.7241379310344828
10 1572 27 6 0.6551724137931034
10 1573 27 6 0.5862068965517241
10 1574 27 6 0.5172413793103449
10 1575 27 6 0.4482758620689655
10 1576 27 6 0.3448275862068966
10 1577 27 6 0.27586206896551724
10 1578 27 6 0.20689655172413793
10 1579 27 6 0.1724137931034483
10 1580 28 6 0.2
10 1581 28 7 1.0666666666666667
10 1582 28 6 0.13333333333333333
10 1583 28 6 0.13333333333333333
10 1584 28 6 0.13333333333333333
10 1585 28 6 0.13333333333333333
10 1586 28 6 0.13333333333333333
10 1587 28 6 0.13333333333333333
10 1588 28 6 0.13333333333333333
10 1589 28 6 0.13333333333333333
10 1590 28 6 0.13333333333333333
10 1591 28 6 0.13333333333333333
10 1592 28 6 0.13333333333333333
10 1593 28 6 0.13333333333333333
10 1594 28 6 0.16666666666666666
10 1595 28 7 0.8666666666666667
10 1596 28 6 0.16666666666666666
10 1597 28 6 0.13333333333333333
10 1598 28 7 0.9
10 1599 28 7 0.9
10 1600 28 6 0.13333333333333333
10 1601 28 6 0.13333333333333333
10 1602 28 6 0.16666666666666666
10 1603 28 6 0.2
10 1604 28 6 0.23333333333333334
10 1605 28 6 0.23333333333333334
10 1606 28 6 0.26666666666666666
10 1607 28 6 0.3
10 1608 28 6 0.3333333333333333
10 1609 28 7 0.6666666666666666
10 1610 28 6 0.4
10 1611 28 6 0.4
10 1612 28 6 0.43333333333333335
10 1613 28 6 0.4666666666666667
10 1614 28 6 0.43333333333333335
10 1615 28 6 0.4
10 1616 28 6 0.43333333333333335
10 1617 28 7 0.6
10 1618 28 7 0.5666666666666667
10 1619 28 7 0.5333333333333333
10 1620 28 6 0.5
10 1621 28 7 0.5333333333333333
10 1622 28 7 0.5
10 1623 28 7 0.4666666666666667
10 1624 28 7 0.4666666666666667
10 1625 28 7 0.4666666666666667
10 1626 28 7 0.4666666666666667
10 1627 28 7 0.43333333333333335
10 1628 28 7 0.4
10 1629 28 6 0.6666666666666666
10 1630 28 6 0.6666666666666666
10 1631 28 7 0.36666666666666664
10 1632 28 6 0.6666666666666666
10 1633 28 7 0.4
10 1634 28 7 0.43333333333333335
10 1635 27 6 0.5666666666666667
10 1636 28 6 0.5666666666666667
10 1637 28 7 0.5
10 1638 28 7 0.5333333333333333
10 1639 28 6 0.4666666666666667
10 1640 28 7 0.6
10 1641 28 6 0.4
10 1642 27 7 0.6666666666666666
10 1643 28 7 0.7
10 1644 28 7 0.7333333333333333
10 1645 28 6 0.3
10 1646 28 6 0.3
10 1647 28 6 0.26666666666666666
10 1648 28 6 0.26666666666666666
10 1649 28 6 0.23333333333333334
10 1650 28 6 0.2
10 1651 28 6 0.2
10 1652 28 6 0.2
10 1653 28 6 0.16666666666666666
10 1654 28 6 0.16666666666666666
10 1655 28 6 0.2
10 1656 28 6 0.2
10 1657 28 6 0.23333333333333334
10 1658 28 6 0.23333333333333334
10 1659 28 6 0.26666666666666666
10 1660 28 6 0.3
10 1661 28 6 0.36666666666666664
10 1662 28 6 0.3793103448275862
10 1663 28 6 0.39285714285714285
10 1664 28 6 0.4074074074074074
10 1665 28 6 0.4230769230769231
10 1666 28 6 0.46153846153846156
10 1667 28 6 0.48
10 1668 28 6 0.5
10 1669 28 5 0.75
10 1670 28 5 0.7083333333333334
10 1671 28 5 0.6666666666666666
10 1672 28 5 0.7916666666666666
10 1673 27 5 0.75
10 1674 27 4 1.5217391304347827
10 1675 27 4 1.5
10 1676 26 4 1.4761904761904763
10 1677 0 0 0
10 1678 0 0 0
10 1679 0 0 0
10 1680 0 0 0
10 1681 25 5 0.7368421052631579
10 1682 0 0 0
10 1683 0 0 0
10 1684 24 5 0.5789473684210527
10 1685 24 5 0.5789473684210527
10 1686 24 5 0.5789473684210527
10 1687 21 9 3.9444444444444446
10 1688 24 5 0.6470588235294118
10 1689 0 0 0
10 1690 0 0 0
10 1691 0 0 0
10 1692 0 0 0
10 1693 0 0 0
10 1694 21 9 3.764705882352941
10 1695 24 5 0.4444444444444444
10 1696 24 5 0.42105263157894735
10 1697 24 5 0.42105263157894735
10 1698 24 5 0.45
10 1699 24 5 0.47619047619047616
10 1700 24 5 0.5238095238095238
10 1701 24 5 0.5714285714285714
10 1702 0 0 0
10 1703 0 0 0
10 1704 24 5 0.5238095238095238
10 1705 24 5 0.5454545454545454
10 1706 24 5 0.5652173913043478
10 1707 24 5 0.5833333333333334
10 1708 0 0 0
10 1709 0 0 0
10 1710 24 5 0.5
10 1711 24 5 0.5384615384615384
10 1712 25 5 0.5769230769230769
10 1713 25 6 0.4230769230769231
10 1714 25 6 0.38461538461538464
10 1715 25 6 0.34615384615384615
10 1716 25 6 0.3076923076923077
10 1717 25 6 0.2692307692307692
10 1718 25 6 0.25925925925925924
10 1719 25 6 0.25
10 1720 25 6 0.21428571428571427
10 1721 25 6 0.17857142857142858
10 1722 25 6 0.14285714285714285
10 1723 25 6 0.10714285714285714
10 1724 25 6 0.10344827586206896
10 1725 25 6 0.1
10 1726 25 6 0.06666666666666667
10 1727 25 6 0.03333333333333333
10 1728 25 6 0.0
10 1729 25 6 0.0
10 1730 25 6 0.0
10 1731 25 6 0.0
10 1732 25 6 0.0
10 1733 25 6 0.0
10 1734 25 6 0.03333333333333333
10 1735 25 6 0.03333333333333333
10 1736 25 6 0.03333333333333333
10 1737 25 6 0.03333333333333333
10 1738 25 6 0.03333333333333333
10 1739 25 6 0.03333333333333333
10 1740 25 6 0.03333333333333333
10 1741 25 6 0.03333333333333333
10 1742 25 6 0.03333333333333333
10 1743 25 6 0.03333333333333333
10 1744 25 6 0.03333333333333333
10 1745 25 6 0.03333333333333333
10 1746 25 6 0.03333333333333333
10 1747 24 6 0.03333333333333333
10 1748 25 6 0.03333333333333333
10 1749 25 5 1.0
10 1750 24 6 0.03333333333333333
10 1751 24 6 0.03333333333333333
10 1752 25 6 0.03333333333333333
10 1753 25 6 0.03333333333333333
10 1754 25 6 0.03333333333333333
10 1755 25 6 0.03333333333333333
10 1756 25 6 0.03333333333333333
10 1757 25 6 0.03333333333333333
10 1758 25 6 0.03333333333333333
10 1759 25 6 0.03333333333333333
10 1760 25 6 0.03333333333333333
10 1761 25 6 0.03333333333333333
10 1762 25 6 0.03333333333333333
10 1763 25 6 0.03333333333333333
10 1764 25 6 0.03333333333333333
10 1765 25 6 0.0
10 1766 25 6 0.0
10 1767 24 6 0.0
10 1768 24 6 0.0
10 1769 24 6 0.0
10 1770 24 6 0.0
10 1771 24 6 0.0
10 1772 24 6 0.0
10 1773 24 6 0.0
10 1774 24 6 0.0
10 1775 24 6 0.0
10 1776 24 6 0.0
10 1777 24 6 0.0
10 1778 24 6 0.0
10 1779 24 6 0.0
10 1780 24 6 0.0
10 1781 24 6 0.0
10 1782 24 6 0.0
10 1783 24 6 0.0
10 1784 24 6 0.0
10 1785 24 6 0.0
10 1786 24 6 0.0
10 1787 24 6 0.0
10 1788 24 6 0.03333333333333333
10 1789 24 6 0.06666666666666667
10 1790 24 6 0.1
10 1791 24 6 0.16666666666666666
10 1792 24 6 0.23333333333333334
10 1793 24 6 0.3
10 1794 24 6 0.36666666666666664
10 1795 24 6 0.43333333333333335
10 1796 24 6 0.5
10 1797 24 6 0.5333333333333333
10 1798 24 6 0.5666666666666667
10 1799 24 6 0.5666666666666667
10 1800 23 6 0.5666666666666667
10 1801 23 6 0.5666666666666667
10 1802 23 6 0.5666666666666667
10 1803 22 7 0.8666666666666667
10 1804 22 7 0.9
10 1805 22 7 0.9
10 1806 21 8 1.5333333333333334
10 1807 21 8 1.5333333333333334
10 1808 21 8 1.5333333333333334
10 1809 21 8 1.5333333333333334
10 1810 21 8 1.5
10 1811 21 8 1.4666666666666666
10 1812 21 7 0.8
10 1813 22 7 0.7666666666666667
10 1814 22 6 0.7666666666666667
10 1815 23 6 0.8
10 1816 23 6 0.8333333333333334
10 1817 23 6 0.8666666666666667
10 1818 24 6 0.9
10 1819 24 5 1.8666666666666667
10 1820 24 6 0.9
10 1821 23 6 0.9
10 1822 23 6 0.8666666666666667
10 1823 23 6 0.8333333333333334
10 1824 23 6 0.8
10 1825 22 7 0.4666666666666667
10 1826 22 7 0.43333333333333335
10 1827 22 7 0.4
10 1828 22 7 0.4
10 1829 22 7 0.4
10 1830 21 7 0.36666666666666664
10 1831 21 7 0.3333333333333333
10 1832 21 7 0.3
10 1833 21 7 0.26666666666666666
10 1834 21 7 0.26666666666666666
10 1835 21 7 0.23333333333333334
10 1836 21 7 0.23333333333333334
10 1837 22 7 0.23333333333333334
10 1838 22 7 0.26666666666666666
10 1839 22 7 0.3
10 1840 22 7 0.3333333333333333
10 1841 22 7 0.4
10 1842 22 7 0.43333333333333335
10 1843 22 7 0.4666666666666667
10 1844 22 7 0.5
10 1845 22 7 0.5
10 1846 22 7 0.5
10 1847 21 7 0.5
10 1848 21 7 0.5333333333333333
10 1849 21 8 0.8666666666666667
10 1850 21 8 0.9
10 1851 21 8 0.9333333333333333
10 1852 21 8 1.0
10 1853 18 9 1.8333333333333333
10 1854 21 9 1.9
10 1855 21 9 1.9666666666666666
10 1856 21 9 2.066666666666667
10 1857 21 8 1.4
10 1858 22 8 1.4137931034482758
10 1859 23 8 1.4137931034482758
10 1860 24 7 1.2758620689655173
10 1861 25 7 1.3448275862068966
10 1862 25 7 1.4137931034482758
10 1863 26 6 1.7857142857142858
10 1864 26 6 1.7857142857142858
10 1865 26 6 1.75
10 1866 26 6 1.7142857142857142
10 1867 26 5 2.0
10 1868 26 5 1.8928571428571428
10 1869 26 5 1.75
10 1870 26 5 1.6071428571428572
10 1871 26 4 2.392857142857143
10 1872 26 4 2.2857142857142856
10 1873 0 0 0
10 1874 21 9 3.0357142857142856
10 1875 21 9 3.107142857142857
10 1876 21 9 3.107142857142857
10 1877 21 9 3.107142857142857
10 1878 0 0 0
10 1879 25 5 1.2857142857142858
10 1880 25 5 1.3571428571428572
10 1881 25 5 1.4642857142857142
10 1882 25 5 1.5714285714285714
10 1883 24 5 1.7142857142857142
10 1884 24 5 1.7777777777777777
10 1885 24 5 1.9259259259259258
10 1886 24 6 1.7037037037037037
10 1887 24 6 1.7407407407407407
10 1888 23 6 1.7777777777777777
10 1889 23 6 1.7777777777777777
10 1890 23 6 1.7777777777777777
10 1891 22 7 1.6296296296296295
10 1892 22 7 1.5925925925925926
10 1893 22 8 1.5555555555555556
10 1894 22 8 1.5
10 1895 21 8 1.3928571428571428
10 1896 21 9 1.7142857142857142
10 1897 21 9 1.6428571428571428
10 1898 22 9 1.5714285714285714
10 1899 0 0 0
10 1900 21 9 1.3928571428571428
10 1901 21 9 1.25
10 1902 21 9 1.1851851851851851
10 1903 21 9 1.0740740740740742
10 1904 0 0 0
10 1905 28 9 0.8846153846153846
10 1906 28 9 0.8
10 1907 29 8 0.7916666666666666
10 1908 30 8 0.782608695652174
10 1909 30 8 0.8181818181818182
10 1910 30 8 0.8571428571428571
10 1911 31 7 1.55
10 1912 31 7 1.5263157894736843
10 1913 31 7 1.5
10 1914 32 6 2.411764705882353
10 1915 17 9 0.7647058823529411
10 1916 21 9 1.0
10 1917 0 0 0
10 1918 21 9 1.411764705882353
10 1919 0 0 0
10 1920 21 9 1.6666666666666667
10 1921 0 0 0
10 1922 0 0 0
10 1923 0 0 0
10 1924 0 0 0
10 1925 0 0 0
10 1926 0 0 0
10 1927 0 0 0
10 1928 0 0 0
10 1929 0 0 0
10 1930 0 0 0
10 1931 24 5 2.3529411764705883
10 1932 24 5 2.2941176470588234
10 1933 24 6 1.4444444444444444
10 1934 23 6 1.2777777777777777
10 1935 23 6 1.2105263157894737
10 1936 23 6 1.105263157894737
10 1937 23 6 1.1
10 1938 22 7 1.1904761904761905
10 1939 22 7 1.1818181818181819
10 1940 22 7 1.2173913043478262
10 1941 22 7 1.25
10 1942 21 8 1.875
10 1943 0 0 0
10 1944 21 9 2.6666666666666665
10 1945 21 9 2.6666666666666665
10 1946 21 9 2.76
10 1947 22 8 1.9166666666666667
10 1948 22 7 1.3333333333333333
10 1949 23 6 1.2083333333333333
10 1950 23 6 1.2916666666666667
10 1951 24 5 1.5833333333333333
10 1952 26 5 1.7083333333333333
10 1953 27 5 1.8333333333333333
10 1954 28 6 1.7083333333333333
10 1955 29 5 1.9130434782608696
10 1956 30 5 1.826086956521739
10 1957 0 0 0
10 1958 0 0 0
10 1959 0 0 0
10 1960 0 0 0
10 1961 30 4 1.9583333333333333
10 1962 0 0 0
10 1963 29 4 1.75
10 1964 29 4 1.75
10 1965 29 4 1.7916666666666667
10 1966 28 4 1.8333333333333333
10 1967 21 9 3.25
10 1968 21 9 3.125
10 1969 18 9 2.9583333333333335
10 1970 0 0 0
10 1971 25 5 2.0416666666666665
10 1972 25 5 2.2916666666666665
10 1973 24 5 2.2916666666666665
10 1974 24 6 1.9166666666666667
10 1975 23 6 2.12
10 1976 23 6 2.3076923076923075
10 1977 23 6 2.5
10 1978 23 6 2.6666666666666665
10 1979 22 7 2.6666666666666665
10 1980 22 7 2.814814814814815
10 1981 22 7 3.037037037037037
10 1982 22 8 3.074074074074074
10 1983 22 8 3.4444444444444446
10 1984 21 9 3.7777777777777777
10 1985 20 10 4.222222222222222
10 1986 20 11 4.464285714285714
10 1987 19 11 4.464285714285714
10 1988 0 0 0
10 1989 0 0 0
10 1990 18 13 4.0
10 1991 18 13 3.7857142857142856
10 1992 18 13 3.642857142857143
10 1993 18 13 3.5357142857142856
10 1994 17 14 3.642857142857143
10 1995 14 14 3.5714285714285716
10 1996 12 16 4.392857142857143
10 1997 11 17 4.892857142857143
10 1998 8 19 6.321428571428571
10 1999 4 20 7.071428571428571
10 2000 2 21 8.0
10 2001 0 20 7.035714285714286
10 2002 2 17 4.75
10 2003 4 16 4.178571428571429
10 2004 7 14 3.2758620689655173
10 2005 9 13 3.0
10 2006 11 12 3.066666666666667
10 2007 12 10 3.033333333333333
10 2008 12 9 3.8333333333333335
10 2009 11 10 2.8333333333333335
10 2010 12 9 3.6
10 2011 12 10 2.566666666666667
10 2012 12 10 2.3666666666666667
10 2013 12 10 2.1333333333333333
10 2014 12 10 1.8333333333333333
10 2015 12 10 1.5
10 2016 12 10 1.1333333333333333
10 2017 12 10 0.8
10 2018 12 10 0.5666666666666667
10 2019 12 10 0.36666666666666664
10 2020 12 10 0.23333333333333334
10 2021 11 10 0.13333333333333333
10 2022 12 10 0.06666666666666667
10 2023 12 10 0.06666666666666667
10 2024 12 10 0.03333333333333333
10 2025 11 10 0.03333333333333333
10 2026 12 10 0.0
10 2027 12 10 0.0
10 2028 12 10 0.0
10 2029 12 10 0.0
10 2030 12 10 0.0
10 2031 12 10 0.03333333333333333
10 2032 12 10 0.13333333333333333
10 2033 12 10 0.26666666666666666
10 2034 11 10 0.4666666666666667
10 2035 11 10 0.7666666666666667
10 2036 11 10 1.1333333333333333
10 2037 12 10 1.5
10 2038 12 10 1.9
10 2039 12 10 2.3
10 2040 12 10 2.7
10 2041 12 10 3.066666666666667
10 2042 12 10 3.433333333333333
10 2043 12 10 3.7333333333333334
10 2044 12 10 3.933333333333333
10 2045 12 10 4.066666666666666
10 2046 11 11 4.1
10 2047 10 13 4.2
10 2048 9 14 4.366666666666666
10 2049 7 16 4.933333333333334
10 2050 5 19 6.133333333333334
10 2051 4 21 7.1
10 2052 1 21 6.833333333333333
10 2053 0 22 7.366666666666666
10 2054 0 22 7.0
10 2055 1 22 6.6
10 2056 1 21 5.5
10 2057 0 21 5.2
10 2058 1 19 4.366666666666666
10 2059 4 16 4.333333333333333
10 2060 7 14 4.866666666666666
10 2061 9 12 6.066666666666666
10 2062 9 11 6.933333333333334
10 2063 9 10 7.866666666666666
10 2064 9 11 6.8
10 2065 8 13 5.4
10 2066 7 15 4.533333333333333
10 2067 6 18 4.166666666666667
10 2068 4 19 4.333333333333333
10 2069 2 21 5.066666666666666
10 2070 1 22 5.866666666666666
10 2071 1 22 5.9
10 2072 0 23 6.866666666666666
10 2073 0 21 5.133333333333334
10 2074 0 20 4.633333333333334
10 2075 2 18 3.8666666666666667
10 2076 4 16 3.7666666666666666
10 2077 7 14 4.033333333333333
10 2078 8 12 4.833333333333333
10 2079 9 11 5.433333333333334
10 2080 9 10 6.433333333333334
10 2081 9 11 5.5
10 2082 8 13 4.333333333333333
10 2083 7 15 3.7333333333333334
10 2084 6 18 3.8
10 2085 5 19 4.1
10 2086 2 21 5.066666666666666
10 2087 1 21 5.066666666666666
10 2088 1 19 4.033333333333333
10 2089 3 17 3.6333333333333333
10 2090 5 15 3.7
10 2091 8 13 4.266666666666667
10 2092 9 12 4.733333333333333
10 2093 9 11 5.4
10 2094 9 11 5.366666666666666
10 2095 9 12 4.766666666666667
10 2096 8 14 3.933333333333333
10 2097 7 16 3.6333333333333333
10 2098 6 18 3.8
10 2099 4 20 4.5
10 2100 2 21 5.033333333333333
10 2101 0 21 5.0
10 2102 0 22 5.9
10 2103 0 22 5.966666666666667
10 2104 0 21 5.1
10 2105 1 20 4.5
10 2106 3 17 3.6333333333333333
10 2107 6 15 3.6666666666666665
10 2108 8 13 4.233333333333333
10 2109 9 11 5.333333333333333
10 2110 9 10 6.233333333333333
10 2111 9 11 5.366666666666666
10 2112 8 12 4.766666666666667
10 2113 8 14 3.933333333333333
10 2114 7 16 3.6333333333333333
10 2115 5 19 4.1
10 2116 3 20 4.5
10 2117 1 21 5.2
10 2118 1 19 3.966666666666667
10 2119 2 18 3.6333333333333333
10 2120 5 16 3.1666666666666665
10 2121 7 14 3.1666666666666665
10 2122 8 12 3.7
10 2123 9 11 4.133333333333334
10 2124 9 10 5.0
10 2125 9 11 4.2
10 2126 8 13 3.3333333333333335
10 2127 7 15 3.033333333333333
10 2128 6 17 3.2333333333333334
10 2129 5 19 3.8666666666666667
10 2130 2 21 5.2
10 2131 1 20 4.4
10 2132 1 19 3.9
10 2133 3 17 3.2
10 2134 6 15 3.0
10 2135 8 13 3.3
10 2136 9 12 3.6666666666666665
10 2137 9 11 4.133333333333334
10 2138 9 11 4.166666666666667
10 2139 8 12 3.7333333333333334
10 2140 8 14 3.1
10 2141 7 16 3.066666666666667
10 2142 5 18 3.533333333333333
10 2143 4 20 4.366666666666666
10 2144 1 21 5.133333333333334
10 2145 0 20 4.366666666666666
10 2146 1 18 3.5
10 2147 4 16 3.1
10 2148 7 14 3.1666666666666665
10 2149 8 13 3.3333333333333335
10 2150 9 11 4.166666666666667
10 2151 9 10 5.166666666666667
10 2152 9 11 4.333333333333333
10 2153 8 13 3.5
10 2154 7 15 3.1
10 2155 6 17 3.2
10 2156 4 20 4.3
10 2157 2 21 4.933333333333334
10 2158 1 20 4.3
10 2159 1 19 4.066666666666666
10 2160 3 17 3.8333333333333335
10 2161 6 15 4.166666666666667
10 2162 9 12 5.566666666666666
10 2163 9 11 6.366666666666666
10 2164 9 11 6.466666666666667
10 2165 9 12 5.833333333333333
10 2166 8 14 4.7
10 2167 6 16 3.966666666666667
10 2168 3 18 3.8333333333333335
10 2169 1 19 4.0
10 2170 0 21 4.833333333333333
10 2171 0 22 5.566666666666666
10 2172 0 22 5.7
10 2173 0 24 7.3
10 2174 0 24 7.3
10 2175 0 24 7.233333333333333
10 2176 1 24 7.1
10 2177 1 21 4.766666666666667
10 2178 2 19 4.066666666666666
10 2179 4 17 4.133333333333334
10 2180 6 15 4.766666666666667
10 2181 8 13 6.066666666666666
10 2182 9 12 7.0
10 2183 9 11 7.966666666666667
10 2184 9 11 7.9
10 2185 8 12 6.833333333333333
10 2186 8 14 5.2
10 2187 7 16 4.233333333333333
10 2188 5 19 3.9
10 2189 3 20 4.266666666666667
10 2190 1 21 4.866666666666666
10 2191 0 21 4.933333333333334
10 2192 0 22 5.9
10 2193 0 21 4.966666666666667
10 2194 0 21 4.9
10 2195 0 20 4.2
10 2196 0 19 3.8
10 2197 1 19 3.7
10 2198 2 18 3.6
10 2199 5 16 3.933333333333333
10 2200 7 14 4.933333333333334
10 2201 9 12 6.533333333333333
10 2202 9 11 7.666666666666667
10 2203 9 11 7.766666666666667
10 2204 9 12 6.8
10 2205 8 13 5.866666666666666
10 2206 7 16 3.8666666666666667
10 2207 6 18 3.3
10 2208 4 20 3.533333333333333
10 2209 2 21 4.233333333333333
10 2210 0 21 4.533333333333333
10 2211 0 22 5.6
10 2212 0 22 5.733333333333333
10 2213 1 22 5.766666666666667
10 2214 0 21 4.866666666666666
10 2215 0 21 4.7
10 2216 0 20 4.066666666666666
10 2217 1 21 4.3
10 2218 1 19 3.533333333333333
10 2219 4 17 3.4
10 2220 6 15 3.8333333333333335
10 2221 8 14 4.4
10 2222 9 12 5.6
10 2223 9 11 6.133333333333334
10 2224 9 11 5.9
10 2225 9 12 4.966666666666667
10 2226 8 13 4.233333333333333
10 2227 7 15 3.533333333333333
10 2228 6 18 3.7333333333333334
10 2229 4 20 4.433333333333334
10 2230 2 21 5.133333333333334
10 2231 1 20 4.5
10 2232 1 18 3.6
10 2233 4 16 3.033333333333333
10 2234 6 15 2.9
10 2235 8 13 3.2333333333333334
10 2236 9 11 4.2
10 2237 9 10 5.033333333333333
10 2238 9 11 4.2
10 2239 8 13 3.2666666666666666
10 2240 8 14 3.066666666666667
10 2241 7 16 3.1333333333333333
10 2242 5 19 4.033333333333333
10 2243 3 21 5.2
10 2244 1 21 5.2
10 2245 1 19 3.966666666666667
10 2246 2 17 3.2333333333333334
10 2247 5 15 2.933333333333333
10 2248 7 14 3.033333333333333
10 2249 9 12 3.7666666666666666
10 2250 9 11 4.266666666666667
10 2251 9 10 5.066666666666666
10 2252 9 12 3.7
10 2253 8 14 3.033333333333333
10 2254 7 15 2.966666666666667
10 2255 6 18 3.566666666666667
10 2256 4 20 4.533333333333333
10 2257 2 21 5.166666666666667
10 2258 1 20 4.433333333333334
10 2259 1 18 3.466666666666667
10 2260 3 17 3.2
10 2261 6 15 2.966666666666667
10 2262 8 13 3.3666666666666667
10 2263 9 12 3.7
10 2264 9 10 5.066666666666666
10 2265 9 11 4.266666666666667
10 2266 8 12 3.7666666666666666
10 2267 8 14 3.1333333333333333
10 2268 7 16 3.1
10 2269 5 18 3.533333333333333
10 2270 3 20 4.466666666666667
10 2271 1 21 5.2
10 2272 0 20 4.533333333333333
10 2273 2 18 3.533333333333333
10 2274 4 16 3.066666666666667
10 2275 7 14 3.1333333333333333
10 2276 8 12 3.7333333333333334
10 2277 9 11 4.266666666666667
10 2278 9 10 5.033333333333333
10 2279 9 11 4.233333333333333
10 2280 8 13 3.3666666666666667
10 2281 7 15 3.066666666666667
10 2282 7 17 3.3666666666666667
10 2283 5 19 4.133333333333334
10 2284 2 21 5.433333333333334
10 2285 1 21 5.4
10 2286 1 19 4.366666666666666
10 2287 2 17 3.933333333333333
10 2288 5 15 4.0
10 2289 7 14 4.433333333333334
10 2290 8 12 5.8
10 2291 9 11 7.066666666666666
10 2292 9 10 8.733333333333333
10 2293 9 11 8.10344827586207
10 2294 8 13 6.928571428571429
10 2295 8 14 6.518518518518518
10 2296 7 16 5.925925925925926
10 2297 5 19 5.615384615384615
10 2298 3 21 5.92
10 2299 2 23 6.666666666666667
10 2300 2 23 6.869565217391305
10 2301 3 23 7.090909090909091
10 2302 5 24 7.714285714285714
10 2303 7 24 7.75
10 2304 9 26 8.947368421052632
10 2305 10 31 12.38888888888889
10 2306 11 33 13.647058823529411
10 2307 12 35 15.0
10 2308 0 0 0
10 2309 0 0 0
10 2310 0 0 0
10 2311 18 9 15.833333333333334
10 2312 0 0 0
10 2313 0 0 0
10 2314 0 0 0
10 2315 0 0 0
10 2316 0 0 0
10 2317 0 0 0
10 2318 0 0 0
10 2319 0 0 0
10 2320 0 0 0
10 2321 0 0 0
10 2322 0 0 0
10 2323 0 0 0
10 2324 0 0 0
10 2325 0 0 0
10 2326 0 0 0
10 2327 0 0 0
10 2328 0 0 0
10 2329 0 0 0
10 2330 0 0 0
10 2331 0 0 0
10 2332 0 0 0
10 2333 0 0 0
10 2334 0 0 0
10 2335 0 0 0
10 2336 0 0 0
10 2337 0 0 0
10 2338 0 0 0
10 2339 0 0 0
10 2340 0 0 0
10 2341 0 0 0
10 2342 0 0 0
10 2343 0 0 0
10 2344 0 0 0
10 2345 0 0 0
10 2346 0 0 0
10 2347 0 0 0
10 2348 0 0 0
10 2349 0 0 0
10 2350 5 32 14.866666666666667
10 2351 3 29 11.875
10 2352 2 27 10.0
10 2353 1 24 7.666666666666667
10 2354 1 22 6.315789473684211
10 2355 1 19 5.05
10 2356 2 17 4.809523809523809
10 2357 5 15 4.954545454545454
10 2358 7 14 5.260869565217392
10 2359 8 12 6.125
10 2360 9 11 6.48
10 2361 9 10 7.153846153846154
10 2362 9 11 6.148148148148148
10 2363 8 13 5.035714285714286
10 2364 7 15 4.517241379310345
10 2365 6 18 4.766666666666667
10 2366 4 20 5.133333333333334
10 2367 2 21 5.533333333333333
10 2368 0 20 4.666666666666667
10 2369 1 18 3.6666666666666665
10 2370 4 16 3.1333333333333333
10 2371 7 15 3.066666666666667
10 2372 8 13 3.4
10 2373 9 11 4.233333333333333
10 2374 9 10 5.0
10 2375 9 11 4.2
10 2376 8 12 3.7666666666666666
10 2377 8 14 3.2
10 2378 7 16 3.1666666666666665
10 2379 5 19 4.066666666666666
10 2380 3 20 4.4
10 2381 1 21 5.2
10 2382 1 20 4.466666666666667
10 2383 2 18 3.6
10 2384 5 16 3.1
10 2385 7 14 3.1666666666666665
10 2386 9 12 3.7333333333333334
10 2387 9 11 4.233333333333333
10 2388 9 10 5.1
10 2389 9 12 3.6666666666666665
10 2390 8 13 3.3666666666666667
10 2391 7 15 3.066666666666667
10 2392 7 17 3.2666666666666666
10 2393 5 20 4.4
10 2394 2 21 5.1
10 2395 1 20 4.3
10 2396 1 19 3.933333333333333
10 2397 3 17 3.2333333333333334
10 2398 5 15 3.033333333333333
10 2399 8 13 3.3333333333333335
10 2400 9 12 3.6
10 2401 9 11 4.166666666666667
10 2402 9 11 4.166666666666667
10 2403 9 12 3.7
10 2404 7 14 3.3333333333333335
10 2405 7 16 3.5
10 2406 6 18 4.166666666666667
10 2407 4 20 5.3
10 2408 1 21 6.133333333333334
10 2409 0 20 5.266666666666667
10 2410 1 18 4.1
10 2411 4 16 3.466666666666667
10 2412 7 14 3.3333333333333335
10 2413 8 12 3.7333333333333334
10 2414 9 11 4.2
10 2415 11 11 4.166666666666667
10 2416 11 10 4.966666666666667
10 2417 11 10 4.933333333333334
10 2418 10 10 4.966666666666667
10 2419 9 11 4.233333333333333
10 2420 8 13 3.466666666666667
10 2421 7 15 3.3
10 2422 6 17 3.7666666666666666
10 2423 5 19 4.733333333333333
10 2424 2 21 6.233333333333333
10 2425 1 20 5.366666666666666
10 2426 1 19 4.7
10 2427 3 17 3.7333333333333334
10 2428 6 15 3.3
10 2429 7 14 3.3333333333333335
10 2430 9 12 3.7333333333333334
10 2431 9 11 4.233333333333333
10 2432 9 10 5.066666666666666
10 2433 9 12 3.6666666666666665
10 2434 8 13 3.2666666666666666
10 2435 7 15 2.9
10 2436 6 17 3.2
10 2437 4 20 4.5
10 2438 2 21 5.233333333333333
10 2439 1 20 4.433333333333334
10 2440 1 19 3.933333333333333
10 2441 3 17 3.1666666666666665
10 2442 6 15 2.9
10 2443 8 13 3.3
10 2444 9 12 3.7
10 2445 9 11 4.233333333333333
10 2446 9 11 4.233333333333333
10 2447 9 12 3.7
10 2448 8 14 3.1
10 2449 7 15 3.0
10 2450 6 18 3.533333333333333
10 2451 4 20 4.433333333333334
10 2452 2 21 5.233333333333333
10 2453 0 20 4.333333333333333
10 2454 1 18 3.5
10 2455 4 17 3.3666666666666667
10 2456 6 15 3.433333333333333
10 2457 8 13 4.166666666666667
10 2458 9 11 5.533333333333333
10 2459 9 10 6.666666666666667
10 2460 9 11 5.833333333333333
10 2461 8 12 5.2
10 2462 8 14 3.9
10 2463 7 16 3.2
10 2464 6 18 3.1666666666666665
10 2465 5 20 3.8
10 2466 5 20 4.033333333333333
10 2467 5 20 4.266666666666667
10 2468 5 20 4.433333333333334
10 2469 5 20 4.566666666666666
10 2470 4 21 5.366666666666666
10 2471 2 21 5.266666666666667
10 2472 1 21 5.066666666666666
10 2473 0 20 4.066666666666666
10 2474 1 18 3.433333333333333
10 2475 4 16 3.3
10 2476 6 15 3.5
10 2477 7 14 3.8333333333333335
10 2478 8 13 4.5
10 2479 9 11 5.9
10 2480 9 10 6.566666666666666
10 2481 9 11 5.433333333333334
10 2482 8 13 4.0
10 2483 8 14 3.5
10 2484 7 16 3.2666666666666666
10 2485 5 19 4.133333333333334
10 2486 3 20 4.633333333333334
10 2487 2 21 5.4
10 2488 0 20 4.666666666666667
10 2489 2 18 3.6
10 2490 4 16 3.0
10 2491 7 14 3.033333333333333
10 2492 8 13 3.3333333333333335
10 2493 9 11 4.4
10 2494 9 10 5.166666666666667
10 2495 9 11 4.4
10 2496 8 13 3.3333333333333335
10 2497 7 15 3.033333333333333
10 2498 6 16 3.066666666666667
10 2499 5 19 3.966666666666667
10 2500 3 21 5.266666666666667
10 2501 1 21 5.233333333333333
10 2502 1 19 3.966666666666667
10 2503 2 18 3.566666666666667
10 2504 5 16 3.033333333333333
10 2505 7 14 3.066666666666667
10 2506 8 13 3.3333333333333335
10 2507 9 11 4.4
10 2508 9 10 5.166666666666667
10 2509 9 11 4.4
10 2510 8 13 3.3333333333333335
10 2511 8 14 3.066666666666667
10 2512 7 16 3.066666666666667
10 2513 5 19 4.033333333333333
10 2514 3 20 4.566666666666666
10 2515 1 21 5.233333333333333
10 2516 0 20 4.566666666666666
10 2517 1 18 3.6
10 2518 4 16 3.1
10 2519 7 14 3.1
10 2520 8 13 3.3666666666666667
10 2521 9 11 4.366666666666666
10 2522 9 10 5.133333333333334
10 2523 9 11 4.366666666666666
10 2524 8 13 3.4
10 2525 7 14 3.1333333333333333
10 2526 7 16 3.1333333333333333
10 2527 5 19 4.066666666666666
10 2528 3 21 5.233333333333333
10 2529 1 21 5.233333333333333
10 2530 0 20 4.633333333333334
10 2531 2 18 3.7
10 2532 5 16 3.1
10 2533 7 14 3.1
10 2534 9 12 3.8
10 2535 9 11 4.3
10 2536 9 10 5.066666666666666
10 2537 9 11 4.3
10 2538 8 13 3.4
10 2539 7 15 3.066666666666667
10 2540 6 16 3.2
10 2541 5 19 4.133333333333334
10 2542 2 21 5.266666666666667
10 2543 1 21 5.266666666666667
10 2544 1 19 4.066666666666666
10 2545 3 17 3.3333333333333335
10 2546 5 15 3.033333333333333
10 2547 7 14 3.1333333333333333
10 2548 9 12 3.7
10 2549 9 11 4.166666666666667
10 2550 9 10 5.066666666666666
10 2551 9 11 4.266666666666667
10 2552 8 13 3.3
10 2553 7 15 2.933333333333333
10 2554 6 17 3.3
10 2555 4 20 4.6
10 2556 2 21 5.233333333333333
10 2557 1 20 4.5
10 2558 1 19 4.033333333333333
10 2559 3 17 3.2333333333333334
10 2560 5 15 2.9
10 2561 8 13 3.3
10 2562 9 12 3.7
10 2563 9 11 4.166666666666667
10 2564 9 11 4.166666666666667
10 2565 9 12 3.7
10 2566 8 14 3.1
10 2567 7 15 3.0
10 2568 6 18 3.6333333333333333
10 2569 4 20 4.5
10 2570 2 21 5.166666666666667
10 2571 1 20 4.466666666666667
10 2572 1 18 3.6
10 2573 4 16 3.1333333333333333
10 2574 6 15 3.0
10 2575 8 13 3.3333333333333335
10 2576 9 11 4.233333333333333
10 2577 9 10 5.1
10 2578 9 11 4.233333333333333
10 2579 8 12 3.7333333333333334
10 2580 8 14 3.1333333333333333
10 2581 7 16 3.1666666666666665
10 2582 5 19 4.1
10 2583 3 21 5.233333333333333
10 2584 1 21 5.2
10 2585 1 20 4.6
10 2586 2 18 3.6666666666666665
10 2587 5 15 3.033333333333333
10 2588 7 14 3.1333333333333333
10 2589 9 12 3.7666666666666666
10 2590 9 11 4.266666666666667
10 2591 9 10 5.133333333333334
10 2592 9 12 3.7
10 2593 8 13 3.3666666666666667
10 2594 7 15 3.0
10 2595 6 17 3.3333333333333335
10 2596 5 19 3.966666666666667
10 2597 2 21 5.1
10 2598 1 21 5.133333333333334
10 2599 1 19 3.933333333333333
10 2600 3 17 3.2
10 2601 5 15 2.9
10 2602 7 14 3.0
10 2603 9 12 3.7
10 2604 9 11 4.3
10 2605 9 11 4.3
10 2606 8 12 3.6666666666666665
10 2607 8 14 3.033333333333333
10 2608 7 15 2.9
10 2609 6 18 3.566666666666667
10 2610 4 20 4.566666666666666
10 2611 2 21 5.2
10 2612 1 20 4.5
10 2613 1 18 3.566666666666667
10 2614 4 17 3.2
10 2615 6 15 2.9
10 2616 8 13 3.3333333333333335
10 2617 9 12 3.7
10 2618 9 10 5.233333333333333
10 2619 9 11 4.3
10 2620 9 12 3.7333333333333334
10 2621 8 13 3.3666666666666667
10 2622 7 15 3.0
10 2623 6 17 3.3
10 2624 4 20 4.666666666666667
10 2625 2 21 5.333333333333333
10 2626 1 21 5.333333333333333
10 2627 1 19 4.266666666666667
10 2628 2 17 3.6666666666666665
10 2629 5 15 3.7
10 2630 7 14 4.0
10 2631 9 12 4.9
10 2632 9 11 5.7
10 2633 9 10 6.666666666666667
10 2634 9 11 5.766666666666667
10 2635 8 13 4.433333333333334
10 2636 7 15 3.7666666666666666
10 2637 6 17 3.7
10 2638 4 19 4.166666666666667
10 2639 2 21 5.166666666666667
10 2640 1 21 5.266666666666667
10 2641 1 22 6.133333333333334
10 2642 1 23 7.1
10 2643 2 22 6.066666666666666
10 2644 1 21 5.166666666666667
10 2645 1 19 4.166666666666667
10 2646 2 18 3.9
10 2647 5 16 3.7
10 2648 7 14 4.066666666666666
10 2649 8 12 5.033333333333333
10 2650 9 11 5.766666666666667
10 2651 9 10 6.633333333333334
10 2652 9 11 5.7
10 2653 8 13 4.433333333333334
10 2654 7 15 3.7333333333333334
10 2655 6 17 3.7
10 2656 5 20 4.6
10 2657 2 21 5.166666666666667
10 2658 1 21 5.166666666666667
10 2659 1 19 3.933333333333333
10 2660 3 17 3.2666666666666666
10 2661 5 15 3.066666666666667
10 2662 7 14 3.1666666666666665
10 2663 9 12 3.8333333333333335
10 2664 9 11 4.366666666666666
10 2665 9 10 5.2
10 2666 9 12 3.8
10 2667 8 14 3.1666666666666665
10 2668 7 15 3.033333333333333
10 2669 6 18 3.6333333333333333
10 2670 4 20 4.5
10 2671 2 21 5.166666666666667
10 2672 1 20 4.433333333333334
10 2673 1 19 3.933333333333333
10 2674 3 17 3.2666666666666666
10 2675 6 15 3.0
10 2676 8 13 3.4
10 2677 9 12 3.8
10 2678 9 10 5.166666666666667
10 2679 9 11 4.333333333333333
10 2680 9 12 3.8
10 2681 8 13 3.433333333333333
10 2682 7 15 3.1
10 2683 6 18 3.6
10 2684 4 20 4.466666666666667
10 2685 2 21 5.233333333333333
10 2686 0 20 4.466666666666667
10 2687 1 19 4.0
10 2688 3 17 3.3333333333333335
10 2689 6 15 3.066666666666667
10 2690 8 13 3.3333333333333335
10 2691 9 11 4.3
10 2692 9 10 5.066666666666666
10 2693 9 11 4.266666666666667
10 2694 8 12 3.7666666666666666
10 2695 7 14 3.1333333333333333
10 2696 7 16 3.1666666666666665
10 2697 5 18 3.6333333333333333
10 2698 4 20 4.5
10 2699 2 21 5.2
10 2700 0 20 4.5
10 2701 2 18 3.6
10 2702 4 16 3.1333333333333333
10 2703 7 14 3.1333333333333333
10 2704 8 13 3.3666666666666667
10 2705 9 11 4.333333333333333
10 2706 9 10 5.1
10 2707 9 11 4.333333333333333
10 2708 8 13 3.3333333333333335
10 2709 7 14 3.066666666666667
10 2710 6 16 3.1
10 2711 5 19 4.1
10 2712 3 21 5.266666666666667
10 2713 1 21 5.233333333333333
10 2714 0 20 4.6
10 2715 1 18 3.6333333333333333
10 2716 4 16 3.1
10 2717 7 14 3.1
10 2718 8 13 3.3666666666666667
10 2719 9 11 4.366666666666666
10 2720 9 10 5.133333333333334
10 2721 9 11 4.366666666666666
10 2722 8 13 3.4
10 2723 8 14 3.2
10 2724 7 16 3.2333333333333334
10 2725 5 19 4.1
10 2726 3 21 5.266666666666667
10 2727 1 21 5.266666666666667
10 2728 1 19 4.3
10 2729 2 18 4.066666666666666
10 2730 5 16 3.933333333333333
10 2731 7 14 4.333333333333333
10 2732 8 12 5.4
10 2733 9 11 6.166666666666667
10 2734 9 10 7.166666666666667
10 2735 9 11 6.366666666666666
10 2736 8 13 4.966666666666667
10 2737 7 15 4.166666666666667
10 2738 6 18 3.966666666666667
10 2739 5 20 4.533333333333333
10 2740 2 23 6.4
10 2741 2 23 6.533333333333333
10 2742 2 23 6.666666666666667
10 2743 2 22 5.966666666666667
10 2744 2 23 6.666666666666667
10 2745 2 22 5.8
10 2746 1 22 5.7
10 2747 0 20 4.6
10 2748 1 18 4.033333333333333
10 2749 5 16 4.0
10 2750 7 14 4.466666666666667
10 2751 8 12 5.6
10 2752 9 11 6.3
10 2753 9 10 7.166666666666667
10 2754 9 11 6.033333333333333
10 2755 8 13 4.666666666666667
10 2756 7 15 3.9
10 2757 6 17 3.8
10 2758 5 19 4.2
10 2759 2 21 5.2
10 2760 1 21 5.233333333333333
10 2761 1 19 4.033333333333333
10 2762 3 17 3.2666666666666666
10 2763 5 15 2.966666666666667
10 2764 7 14 3.066666666666667
10 2765 9 12 3.6666666666666665
10 2766 9 11 4.2
10 2767 9 11 4.2
10 2768 9 12 3.6666666666666665
10 2769 8 13 3.3
10 2770 7 15 2.933333333333333
10 2771 6 18 3.533333333333333
10 2772 4 20 4.533333333333333
10 2773 2 21 5.2
10 2774 1 20 4.466666666666667
10 2775 1 18 3.466666666666667
10 2776 4 16 3.0
10 2777 6 15 2.9
10 2778 8 13 3.2666666666666666
10 2779 9 12 3.6333333333333333
10 2780 9 10 5.2
10 2781 9 11 4.233333333333333
10 2782 9 12 3.6333333333333333
10 2783 8 14 3.066666666666667
10 2784 7 16 3.0
10 2785 6 18 3.433333333333333
10 2786 4 20 4.433333333333334
10 2787 2 21 5.2
10 2788 1 20 4.433333333333334
10 2789 1 18 3.4
10 2790 3 17 3.1333333333333333
10 2791 6 15 2.9
10 2792 8 13 3.3333333333333335
10 2793 9 12 3.7333333333333334
10 2794 9 11 4.3
10 2795 9 11 4.3
10 2796 9 12 3.7333333333333334
10 2797 8 14 3.1
10 2798 7 16 2.966666666666667
10 2799 6 18 3.433333333333333
10 2800 3 20 4.466666666666667
10 2801 2 21 5.233333333333333
10 2802 0 20 4.466666666666667
10 2803 1 18 3.433333333333333
10 2804 4 16 2.966666666666667
10 2805 6 15 2.966666666666667
10 2806 8 13 3.3
10 2807 9 11 4.266666666666667
10 2808 9 10 5.1
10 2809 9 11 4.2
10 2810 9 12 3.7333333333333334
10 2811 8 14 3.1
10 2812 7 16 3.033333333333333
10 2813 5 18 3.566666666666667
10 2814 3 20 4.6
10 2815 2 21 5.366666666666666
10 2816 0 20 4.6
10 2817 1 18 3.566666666666667
10 2818 4 16 3.0
10 2819 6 14 3.1
10 2820 8 13 3.3333333333333335
10 2821 9 11 4.3
10 2822 9 10 5.066666666666666
10 2823 9 11 4.266666666666667
10 2824 8 12 3.7
10 2825 8 14 3.066666666666667
10 2826 7 16 3.0
10 2827 5 18 3.533333333333333
10 2828 4 20 4.566666666666666
10 2829 2 21 5.333333333333333
10 2830 0 20 4.566666666666666
10 2831 1 18 3.533333333333333
10 2832 4 16 2.966666666666667
10 2833 6 15 2.966666666666667
10 2834 8 13 3.3333333333333335
10 2835 9 12 3.7666666666666666
10 2836 9 10 5.1
10 2837 9 11 4.3
10 2838 9 12 3.7333333333333334
10 2839 8 14 3.1
10 2840 7 16 2.966666666666667
10 2841 5 18 3.5
10 2842 4 20 4.533333333333333
10 2843 2 21 5.3
10 2844 0 20 4.533333333333333
10 2845 1 18 3.5
10 2846 4 16 2.966666666666667
10 2847 6 15 2.966666666666667
10 2848 8 13 3.3333333333333335
10 2849 9 11 4.3
10 2850 9 10 5.066666666666666
10 2851 9 11 4.233333333333333
10 2852 8 12 3.7333333333333334
10 2853 8 14 3.1
10 2854 7 16 3.066666666666667
10 2855 5 18 3.6
10 2856 4 20 4.566666666666666
10 2857 2 21 5.333333333333333
10 2858 0 20 4.566666666666666
10 2859 1 18 3.6
10 2860 4 16 3.066666666666667
10 2861 7 14 3.1
10 2862 8 13 3.3666666666666667
10 2863 9 11 4.266666666666667
10 2864 9 10 5.033333333333333
10 2865 9 11 4.266666666666667
10 2866 8 12 3.7666666666666666
10 2867 8 14 3.066666666666667
10 2868 7 16 3.033333333333333
10 2869 5 19 4.1
10 2870 3 20 4.633333333333334
10 2871 1 21 5.5
10 2872 1 20 4.633333333333334
10 2873 1 18 3.5
10 2874 4 16 3.066666666666667
10 2875 7 14 3.3
10 2876 8 13 3.7666666666666666
10 2877 9 11 5.133333333333334
10 2878 9 10 6.266666666666667
10 2879 9 11 5.666666666666667
10 2880 8 13 4.5
10 2881 8 14 4.066666666666666
10 2882 7 16 3.2333333333333334
10 2883 7 17 2.966666666666667
10 2884 7 19 2.4
10 2885 6 19 2.433333333333333
10 2886 6 19 2.433333333333333
10 2887 6 19 2.4
10 2888 6 19 2.4
10 2889 7 19 2.433333333333333
10 2890 7 19 2.413793103448276
10 2891 6 19 2.3214285714285716
10 2892 7 19 2.185185185185185
10 2893 8 20 2.076923076923077
10 2894 10 20 1.76
10 2895 12 21 2.0
10 2896 15 21 1.7391304347826086
10 2897 17 21 1.5
10 2898 19 21 1.3333333333333333
10 2899 22 21 1.2
10 2900 24 20 0.7368421052631579
10 2901 27 20 0.7222222222222222
10 2902 30 20 0.7058823529411765
10 2903 33 20 0.6875
10 2904 34 21 0.9333333333333333
10 2905 0 0 0
10 2906 0 0 0
10 2907 0 0 0
10 2908 0 0 0
10 2909 0 0 0
10 2910 0 0 0
10 2911 0 0 0
10 2912 0 0 0
10 2913 0 0 0
10 2914 0 0 0
10 2915 0 0 0
10 2916 0 0 0
10 2917 0 0 0
10 2918 0 0 0
10 2919 0 0 0
10 2920 0 0 0
10 2921 0 0 0
10 2922 0 0 0
10 2923 0 0 0
10 2924 0 0 0
10 2925 0 0 0
10 2926 0 0 0
10 2927 0 0 0
10 2928 0 0 0
10 2929 0 0 0
10 2930 0 0 0
10 2931 0 0 0
10 2932 0 0 0
10 2933 0 0 0
10 2934 0 0 0
10 2935 0 0 0
10 2936 0 0 0
10 2937 0 0 0
10 2938 0 0 0
10 2939 0 0 0
10 2940 0 0 0
10 2941 0 0 0
10 2942 0 0 0
10 2943 0 0 0
10 2944 0 0 0
10 2945 0 0 0
10 2946 0 0 0
10 2947 0 0 0
10 2948 0 0 0
10 2949 0 0 0
10 2950 0 0 0
10 2951 0 0 0
10 2952 0 0 0
10 2953 0 0 0
10 2954 0 0 0
10 2955 0 0 0
10 2956 0 0 0
10 2957 0 0 0
10 2958 0 0 0
10 2959 0 0 0
10 2960 0 0 0
10 2961 0 0 0
10 2962 0 0 0
10 2963 0 0 0
10 2964 0 0 0
10 2965 0 0 0
10 2966 0 0 0
10 2967 0 0 0
10 2968 0 0 0
10 2969 0 0 0
10 2970 0 0 0
10 2971 0 0 0
10 2972 0 0 0
10 2973 0 0 0
10 2974 0 0 0
10 2975 0 0 0
10 2976 0 0 0
10 2977 0 0 0
10 2978 0 0 0
10 2979 0 0 0
10 2980 0 0 0
10 2981 0 0 0
10 2982 0 0 0
10 2983 0 0 0
10 2984 0 0 0
10 2985 0 0 0
10 2986 0 0 0
10 2987 0 0 0
10 2988 0 0 0
10 2989 0 0 0
10 2990 0 0 0
10 2991 0 0 0
10 2992 0 0 0
10 2993 0 0 0
10 2994 0 0 0
10 2995 0 0 0
10 2996 0 0 0
10 2997 0 0 0
10 2998 0 0 0
10 2999 7 34 18.076923076923077
10 3000 0 0 0
10 3001 0 0 0
10 3002 2 27 10.6875
10 3003 1 24 8.058823529411764
10 3004 1 21 5.833333333333333
10 3005 1 18 4.7368421052631575
10 3006 4 16 4.5
10 3007 6 14 4.857142857142857
10 3008 8 13 5.181818181818182
10 3009 9 11 6.130434782608695
10 3010 9 10 6.791666666666667
10 3011 9 11 5.76
10 3012 8 12 5.038461538461538
10 3013 7 14 4.333333333333333
10 3014 6 16 4.25
10 3015 5 19 4.607142857142857
10 3016 3 21 5.586206896551724
10 3017 1 21 5.5
10 3018 1 19 4.2
10 3019 2 17 3.3666666666666667
10 3020 5 16 3.066666666666667
10 3021 7 14 3.1
10 3022 9 12 3.7
10 3023 9 11 4.166666666666667
10 3024 9 10 4.966666666666667
10 3025 9 12 3.6666666666666665
10 3026 8 13 3.3666666666666667
10 3027 7 15 3.066666666666667
10 3028 6 18 3.6333333333333333
10 3029 4 20 4.6
10 3030 2 21 5.233333333333333
10 3031 1 20 4.5
10 3032 1 18 3.533333333333333
10 3033 4 16 3.033333333333333
10 3034 6 15 3.033333333333333
10 3035 8 13 3.3666666666666667
10 3036 9 11 4.233333333333333
10 3037 9 10 4.966666666666667
10 3038 9 11 4.166666666666667
10 3039 8 12 3.7333333333333334
10 3040 8 14 3.1666666666666665
10 3041 6 16 3.1333333333333333
10 3042 5 18 3.6
10 3043 3 20 4.5
10 3044 1 21 5.3
10 3045 0 20 4.566666666666666
10 3046 2 18 3.566666666666667
10 3047 4 16 3.033333333333333
10 3048 7 14 3.1
10 3049 8 12 3.7333333333333334
10 3050 9 11 4.2
10 3051 9 10 5.0
10 3052 9 11 4.233333333333333
10 3053 8 13 3.3333333333333335
10 3054 7 15 3.033333333333333
10 3055 6 17 3.3
10 3056 5 19 4.0
10 3057 2 21 5.266666666666667
10 3058 1 20 4.433333333333334
10 3059 1 19 4.0
10 3060 3 17 3.2666666666666666
10 3061 5 15 2.966666666666667
10 3062 7 14 3.066666666666667
10 3063 9 12 3.6666666666666665
10 3064 9 11 4.2
10 3065 9 10 5.033333333333333
10 3066 8 12 3.6666666666666665
10 3067 8 13 3.3
10 3068 7 15 2.933333333333333
10 3069 6 18 3.533333333333333
10 3070 4 20 4.533333333333333
10 3071 2 21 5.266666666666667
10 3072 0 20 4.466666666666667
10 3073 1 18 3.5
10 3074 4 16 3.033333333333333
10 3075 6 15 2.933333333333333
10 3076 8 13 3.2666666666666666
10 3077 9 12 3.6666666666666665
10 3078 9 10 5.033333333333333
10 3079 9 11 4.233333333333333
10 3080 8 12 3.7
10 3081 7 14 3.033333333333333
10 3082 7 16 3.066666666666667
10 3083 5 18 3.566666666666667
10 3084 4 20 4.5
10 3085 2 21 5.3
10 3086 0 20 4.533333333333333
10 3087 1 18 3.5
10 3088 4 16 2.966666666666667
10 3089 7 14 3.033333333333333
10 3090 8 13 3.3
10 3091 9 11 4.266666666666667
10 3092 9 10 5.033333333333333
10 3093 9 11 4.233333333333333
10 3094 8 13 3.3333333333333335
10 3095 8 14 3.1
10 3096 7 16 3.1
10 3097 5 19 4.033333333333333
10 3098 3 20 4.5
10 3099 1 21 5.233333333333333
10 3100 1 19 4.0
10 3101 2 18 3.6333333333333333
10 3102 5 16 3.1
10 3103 7 14 3.1
10 3104 8 12 3.8
10 3105 9 11 4.3
10 3106 9 10 5.1
10 3107 9 11 4.333333333333333
10 3108 8 13 3.3666666666666667
10 3109 7 15 3.033333333333333
10 3110 6 17 3.3333333333333335
10 3111 4 20 4.6
10 3112 2 21 5.233333333333333
10 3113 1 21 5.233333333333333
10 3114 1 19 4.0
10 3115 3 17 3.2666666666666666
10 3116 5 15 3.066666666666667
10 3117 8 14 3.1666666666666665
10 3118 9 12 3.7333333333333334
10 3119 9 11 4.266666666666667
10 3120 9 10 5.166666666666667
10 3121 9 12 3.7333333333333334
10 3122 8 13 3.3666666666666667
10 3123 7 15 3.0
10 3124 6 17 3.2333333333333334
10 3125 5 20 4.466666666666667
10 3126 2 21 5.133333333333334
10 3127 1 20 4.433333333333334
10 3128 1 19 3.966666666666667
10 3129 3 17 3.1666666666666665
10 3130 6 15 2.9
10 3131 8 13 3.3
10 3132 9 12 3.7
10 3133 9 11 4.233333333333333
10 3134 9 11 4.233333333333333
10 3135 9 12 3.7
10 3136 8 14 3.1
10 3137 7 16 3.066666666666667
10 3138 5 18 3.566666666666667
10 3139 4 20 4.433333333333334
10 3140 2 21 5.166666666666667
10 3141 0 20 4.4
10 3142 1 18 3.5
10 3143 4 16 3.0
10 3144 6 15 2.966666666666667
10 3145 8 13 3.3666666666666667
10 3146 9 11 4.333333333333333
10 3147 9 10 5.166666666666667
10 3148 9 11 4.266666666666667
10 3149 8 12 3.8
10 3150 8 14 3.1666666666666665
10 3151 7 16 3.033333333333333
10 3152 5 19 4.066666666666666
10 3153 3 20 4.533333333333333
10 3154 1 21 5.3
10 3155 0 20 4.533333333333333
10 3156 1 18 3.566666666666667
10 3157 4 16 3.0
10 3158 6 15 3.0
10 3159 8 13 3.433333333333333
10 3160 9 11 4.333333333333333
10 3161 9 10 5.1
10 3162 9 11 4.3
10 3163 8 12 3.8
10 3164 7 14 3.1666666666666665
10 3165 7 16 3.033333333333333
10 3166 5 18 3.566666666666667
10 3167 4 20 4.533333333333333
10 3168 2 21 5.333333333333333
10 3169 0 20 4.566666666666666
10 3170 1 18 3.533333333333333
10 3171 4 16 2.966666666666667
10 3172 6 15 2.966666666666667
10 3173 8 13 3.3666666666666667
10 3174 9 11 4.333333333333333
10 3175 9 10 5.1
10 3176 9 11 4.3
10 3177 9 12 3.7333333333333334
10 3178 8 14 3.1
10 3179 7 16 2.966666666666667
10 3180 6 18 3.5517241379310347
10 3181 4 20 4.821428571428571
10 3182 2 21 5.814814814814815
10 3183 0 20 5.115384615384615
10 3184 1 18 3.84
10 3185 4 16 3.0
10 3186 6 15 2.869565217391304
10 3187 8 13 3.0454545454545454
10 3188 9 12 3.380952380952381
10 3189 9 10 4.9
10 3190 9 11 4.2631578947368425
10 3191 9 12 3.7222222222222223
10 3192 8 14 3.0588235294117645
10 3193 7 16 2.875
10 3194 6 18 3.466666666666667
