0 0.0517532 0.68368 0.103506 0.206038
0 0.0512474 0.68132 0.102495 0.207729
0 0.0510787 0.678474 0.102157 0.206501
0 0.0509302 0.676684 0.10186 0.216034
0 0.0509986 0.678668 0.101997 0.214435
0 0.0511778 0.679239 0.102356 0.210093
0 0.0515004 0.681638 0.103001 0.20651
0 0.0519607 0.683521 0.103921 0.199798
0 0.0519205 0.687454 0.103841 0.193574
0 0.0522282 0.686916 0.104456 0.198257
0 0.0520817 0.68675 0.104163 0.1932
0 0.0531347 0.68554 0.106269 0.200247
0 0.0530879 0.684447 0.106176 0.200773
0 0.0509031 0.681984 0.101806 0.209448
0 0.0505169 0.678162 0.101034 0.211745
0 0.0514027 0.692232 0.102805 0.189808
0 0.050522 0.701497 0.100421 0.181074
0 0.0530426 0.691453 0.106085 0.195666
0 0.0528658 0.681578 0.105732 0.211605
0 0.0534725 0.683713 0.106945 0.210463
0 0.0536102 0.682847 0.10722 0.204093
0 0.0534315 0.683717 0.106857 0.197403
0 0.0535657 0.690018 0.107131 0.185291
0 0.0521745 0.690881 0.104349 0.184412
0 0.0519359 0.677706 0.103872 0.216021
0 0.0506974 0.674114 0.101395 0.207608
0 0.0430341 0.70014 0.0860683 0.198498
0 0.043017 0.712514 0.086034 0.209852
0 0.0421293 0.705295 0.0842586 0.198036
0 0.0414701 0.702753 0.0829402 0.189374
0 0.0393527 0.705774 0.0786949 0.196501
0 0.0382925 0.703414 0.0765503 0.187269
0 0.0383383 0.707791 0.0766468 0.195296
0 0.0384423 0.722102 0.0767074 0.219642
0 0.0407947 0.731785 0.0813578 0.213883
0 0.0389132 0.742161 0.0778023 0.207082
0 0.0386534 0.740973 0.0773069 0.203204
0 0.0378929 0.741282 0.0757014 0.21352
0 0.0411242 0.699405 0.0822484 0.194262
0 0.041046 0.697097 0.082092 0.206809
0 0.0427206 0.709007 0.0851371 0.19162
0 0.0402109 0.720913 0.0804218 0.199756
0 0.0380445 0.720025 0.0760891 0.194779
0 0.0375965 0.712184 0.0751304 0.173779
0 0.0371943 0.711326 0.0742158 0.172134
0 0.0385681 0.715119 0.0771363 0.18398
0 0.0414622 0.704788 0.0827421 0.187891
0 0.0435158 0.706832 0.0870317 0.192579
0 0.0419353 0.702146 0.0838706 0.187184
0 0.0420368 0.703286 0.0837424 0.183603
0 0.0441429 0.702646 0.0882857 0.187718
0 0.0512642 0.691502 0.102528 0.191154
0 0.0517881 0.685532 0.103576 0.196713
0 0.0508353 0.678694 0.101671 0.209291
0 0.0506418 0.675441 0.101284 0.211352
0 0.0503938 0.675208 0.100671 0.218105
0 0.0517074 0.678058 0.103415 0.208795
0 0.0514109 0.678607 0.102822 0.206792
0 0.0514855 0.679665 0.102971 0.207121
0 0.0518575 0.681046 0.103715 0.20177
0 0.0516665 0.680026 0.103333 0.207868
0 0.0519794 0.680353 0.103959 0.20216
0 0.0519146 0.682134 0.103829 0.199236
0 0.0516145 0.684269 0.103229 0.197382
0 0.0519977 0.684426 0.103995 0.198953
0 0.0521591 0.684357 0.104318 0.198886
0 0.0517901 0.684859 0.10358 0.197695
0 0.0521503 0.689717 0.104301 0.186627
0 0.05102 0.69701 0.10204 0.191046
0 0.0512865 0.684734 0.102573 0.20052
0 0.0530054 0.681441 0.106011 0.207019
0 0.0524326 0.684272 0.104865 0.20926
0 0.0518535 0.679079 0.103707 0.210536
0 0.0467375 0.680867 0.093475 0.214219
0 0.0449461 0.692114 0.0898922 0.19979
0 0.0417326 0.715698 0.0834322 0.197278
0 0.0485898 0.697866 0.0971796 0.183065
0 0.0621464 0.698175 0.124293 0.163231
0 0.0683887 0.689777 0.102217 0.162518
0 0.0684298 0.6857 0.100668 0.175989
0 0.0873431 0.683744 0.132049 0.145056
0 0.0865087 0.694176 0.130259 0.145481
0 0.090875 0.690809 0.134163 0.145795
0 0.0909329 0.692855 0.133944 0.147547
0 0.090606 0.693696 0.136005 0.148083
0 0.0905875 0.693418 0.135105 0.148909
0 0.0900406 0.692591 0.134244 0.149942
0 0.0903787 0.693253 0.132995 0.146837
0 0.0906021 0.689806 0.133414 0.152507
0 0.0907257 0.688987 0.133538 0.153332
0 0.0910539 0.686584 0.13456 0.155845
0 0.0900986 0.693923 0.132922 0.147037
0 0.0905801 0.695033 0.134181 0.147065
0 0.0906021 0.68755 0.132696 0.157926
0 0.0912075 0.689825 0.133786 0.153019
0 0.091701 0.690336 0.133516 0.149965
0 0.0909231 0.69317 0.135064 0.147371
0 0.0904931 0.69522 0.134894 0.144238
0 0.0897939 0.695352 0.134598 0.145509
0 0.0899327 0.692577 0.133986 0.147864
0 0.090517 0.689774 0.133594 0.152164
0 0.0907456 0.691543 0.134272 0.149692
0 0.0907291 0.69134 0.134235 0.150041
0 0.0905779 0.692203 0.133694 0.149826
0 0.0895971 0.694081 0.133183 0.147608
0 0.0892996 0.695604 0.13315 0.145043
0 0.0894807 0.695488 0.131603 0.14448
0 0.0902044 0.694143 0.133344 0.147567
0 0.0903047 0.693405 0.134908 0.147319
0 0.090529 0.693015 0.135206 0.147924
0 0.0904567 0.69307 0.13499 0.148538
0 0.0906364 0.693139 0.134791 0.148185
0 0.0908109 0.693344 0.13478 0.14735
0 0.0906412 0.693041 0.134544 0.146829
0 0.0907464 0.693295 0.134558 0.148266
0 0.0902037 0.693941 0.134344 0.148631
0 0.0901177 0.694013 0.133923 0.146829
0 0.0903567 0.694676 0.134542 0.14679
0 0.0909419 0.694376 0.135115 0.146241
0 0.0904009 0.696243 0.134885 0.14403
0 0.0897867 0.696048 0.133761 0.143585
0 0.0894477 0.696472 0.13159 0.142794
0 0.0892803 0.696275 0.130548 0.142466
0 0.0886512 0.69678 0.131243 0.142653
0 0.0886401 0.696485 0.129963 0.141832
0 0.0883143 0.696528 0.130009 0.142796
0 0.0900079 0.693761 0.13413 0.148245
0 0.0900571 0.692652 0.13446 0.151023
0 0.0906877 0.69269 0.13332 0.15016
0 0.0905499 0.693474 0.134494 0.148879
0 0.0904336 0.69362 0.134331 0.149301
0 0.0903814 0.693436 0.134422 0.148221
0 0.0901054 0.693698 0.133677 0.146635
0 0.0903698 0.695754 0.132698 0.145232
0 0.0904018 0.696809 0.133334 0.14366
0 0.0899903 0.695917 0.133513 0.145511
0 0.0899476 0.694478 0.134399 0.14823
0 0.090151 0.693658 0.136518 0.150586
0 0.0901043 0.694175 0.13545 0.147482
0 0.0905983 0.694796 0.138167 0.149106
0 0.0892582 0.695318 0.138179 0.1488
0 0.0895343 0.694328 0.138375 0.148329
0 0.0897938 0.693809 0.13891 0.151603
0 0.0896934 0.688012 0.138441 0.157488
0 0.090356 0.690804 0.138002 0.157522
0 0.0902831 0.691812 0.138668 0.157027
0 0.0900571 0.694616 0.137541 0.151503
0 0.0904097 0.695711 0.136025 0.14945
0 0.0900342 0.695743 0.137539 0.149951
0 0.0895648 0.695279 0.136549 0.148971
0 0.0897162 0.696125 0.136885 0.149222
0 0.0899277 0.694752 0.137655 0.150647
0 0.0895251 0.697332 0.135173 0.144376
0 0.0900356 0.699686 0.13627 0.143678
0 0.0891894 0.699032 0.136481 0.142928
0 0.0888568 0.698942 0.137474 0.142742
0 0.0901173 0.696864 0.136036 0.147072
0 0.0900502 0.690705 0.136714 0.15846
0 0.0898254 0.686903 0.136454 0.165763
0 0.090283 0.690576 0.135038 0.15867
0 0.0900939 0.691227 0.136337 0.158118
0 0.0902268 0.688617 0.137346 0.163572
0 0.0906154 0.692084 0.137151 0.155499
0 0.0907494 0.691722 0.137798 0.157462
0 0.0901118 0.692452 0.13827 0.156704
0 0.0905703 0.69351 0.137201 0.154261
0 0.0904245 0.693383 0.137194 0.154679
0 0.0903345 0.693102 0.136861 0.154442
0 0.0895966 0.692892 0.138094 0.154708
0 0.0905783 0.695069 0.136131 0.150029
0 0.0899229 0.694933 0.135553 0.15055
0 0.0903159 0.695435 0.137098 0.148971
0 0.0904989 0.695327 0.13777 0.14933
0 0.0902977 0.693086 0.136812 0.154257
0 0.0902964 0.694032 0.137349 0.151486
0 0.0891639 0.694826 0.137836 0.150935
0 0.0903064 0.694561 0.137839 0.151473
0 0.089704 0.695085 0.135812 0.14965
0 0.0905368 0.696126 0.136802 0.147307
0 0.0896838 0.695271 0.138962 0.149733
0 0.0897799 0.695992 0.138343 0.147696
0 0.0903298 0.696592 0.138344 0.147248
0 0.0903428 0.697505 0.137943 0.145958
0 0.0904975 0.698285 0.136243 0.143708
0 0.0909324 0.698241 0.136376 0.143532
0 0.0897303 0.698452 0.135968 0.144166
0 0.0904647 0.697445 0.138238 0.144311
0 0.0903728 0.696495 0.139191 0.146772
0 0.0900312 0.696395 0.139114 0.146894
0 0.0902663 0.697257 0.138589 0.146428
0 0.0902517 0.697096 0.138562 0.146026
0 0.0904633 0.696948 0.138892 0.146656
0 0.0902346 0.697137 0.136486 0.144452
0 0.0903632 0.696909 0.137806 0.145159
0 0.0895139 0.693373 0.136155 0.151789
0 0.0891214 0.685275 0.133906 0.168414
0 0.0898877 0.683373 0.133934 0.171686
0 0.0899579 0.683096 0.133466 0.168907
0 0.0892214 0.68535 0.136526 0.161447
0 0.0888711 0.686947 0.137061 0.159766
0 0.0891861 0.688028 0.137189 0.157743
0 0.0900672 0.689638 0.136612 0.150794
0 0.0893863 0.690031 0.136595 0.153747
0 0.0887275 0.692081 0.136989 0.14653
0 0.0887517 0.688767 0.136319 0.156082
0 0.0890507 0.694043 0.134017 0.147544
0 0.0890516 0.695419 0.134241 0.145349
0 0.0894652 0.694742 0.133587 0.145585
0 0.0891263 0.694651 0.134597 0.14867
0 0.088787 0.692366 0.135286 0.150642
0 0.0890655 0.691949 0.136615 0.151843
0 0.0894308 0.690309 0.136151 0.152585
0 0.0898332 0.689798 0.136337 0.151465
0 0.0894884 0.689385 0.136704 0.152031
0 0.0899027 0.690195 0.135384 0.150594
0 0.0901101 0.689862 0.135043 0.149559
0 0.0903435 0.689789 0.134248 0.144437
0 0.0889969 0.691461 0.136932 0.145762
0 0.0894657 0.690745 0.135299 0.143975
0 0.0893681 0.69028 0.136301 0.145037
0 0.088823 0.68972 0.13766 0.144585
0 0.0908969 0.685435 0.136596 0.158496
0 0.0899649 0.690356 0.13797 0.151015
0 0.0896382 0.689565 0.138796 0.150631
0 0.0886976 0.69167 0.138853 0.147001
0 0.0888619 0.691658 0.138249 0.14821
0 0.0891018 0.69427 0.136998 0.139018
0 0.0899121 0.69413 0.135443 0.139969
0 0.0891047 0.695196 0.136264 0.140571
0 0.0895016 0.695589 0.136074 0.141189
0 0.0897516 0.692208 0.136766 0.146317
0 0.0889967 0.692862 0.135997 0.146728
0 0.0887121 0.692138 0.13628 0.1446
0 0.0891145 0.692819 0.135606 0.144878
0 0.0896449 0.693573 0.137213 0.14686
0 0.0885375 0.695289 0.135032 0.143583
0 0.0896008 0.69588 0.135857 0.14013
0 0.0887604 0.694806 0.135327 0.141286
0 0.0889536 0.691375 0.137215 0.148257
0 0.0891655 0.691731 0.136894 0.148092
0 0.0899252 0.692129 0.136522 0.147056
0 0.0901428 0.692183 0.136713 0.14773
0 0.0904363 0.690087 0.1364 0.152299
0 0.0888633 0.691261 0.138737 0.149825
0 0.0898532 0.687845 0.138073 0.158745
0 0.08918 0.686959 0.136555 0.16059
0 0.0898262 0.687054 0.138447 0.161783
0 0.0904792 0.686528 0.13793 0.16182
0 0.0903342 0.689563 0.137953 0.156654
0 0.0894278 0.692934 0.137014 0.149381
0 0.0905353 0.692081 0.136873 0.146508
0 0.0897466 0.692602 0.135325 0.146555
0 0.0905101 0.693627 0.135373 0.145099
0 0.0900594 0.693759 0.135482 0.145431
0 0.0902954 0.692794 0.1355 0.146741
0 0.0892864 0.69392 0.136252 0.146348
0 0.0922745 0.69658 0.14234 0.139467
0 0.0932194 0.697079 0.140066 0.135612
0 0.0934036 0.69795 0.142206 0.13438
0 0.0933392 0.698875 0.141937 0.133862
0 0.0934378 0.699969 0.140864 0.137474
0 0.0918526 0.696375 0.138161 0.138813
0 0.0930582 0.698396 0.139818 0.13918
0 0.092965 0.699215 0.13615 0.138651
0 0.093171 0.69966 0.14038 0.138557
0 0.0929212 0.697258 0.139733 0.139244
0 0.09315 0.695907 0.140518 0.139323
0 0.0926929 0.696291 0.138884 0.140457
0 0.0922229 0.695521 0.137607 0.140347
0 0.0930831 0.696642 0.139489 0.140559
0 0.0928761 0.698905 0.141164 0.135153
0 0.0927673 0.697809 0.140374 0.136916
0 0.0930402 0.698442 0.141253 0.136684
0 0.0931273 0.699734 0.141485 0.137232
0 0.0932451 0.699969 0.142064 0.137205
0 0.0929094 0.700072 0.14176 0.137142
0 0.0927136 0.699964 0.141504 0.137412
0 0.093171 0.698568 0.140853 0.136825
0 0.092986 0.698043 0.142103 0.134656
0 0.0933049 0.699166 0.142771 0.136909
0 0.0945551 0.697649 0.140228 0.133921
0 0.0935571 0.697966 0.140352 0.136403
0 0.0935835 0.698325 0.14079 0.138057
0 0.0921163 0.696598 0.13658 0.140217
0 0.0922568 0.692709 0.141362 0.147365
0 0.092643 0.692239 0.143055 0.148465
0 0.093072 0.692124 0.143138 0.148418
0 0.0929159 0.691765 0.14304 0.148816
0 0.0931294 0.68936 0.14211 0.156533
0 0.0937215 0.69119 0.142216 0.146896
0 0.0926341 0.693388 0.142432 0.142665
0 0.0872402 0.694182 0.128401 0.140623
0 0.0926838 0.694313 0.138094 0.147091
0 0.0795099 0.694723 0.110255 0.147311
0 0.0801663 0.695575 0.11992 0.155788
0 0.090852 0.701854 0.132288 0.179475
0 0.103933 0.747371 0.135324 0.218378
0 0.102473 0.745125 0.136524 0.207594
0 0.0990713 0.741393 0.134162 0.207423
0 0.0946171 0.737109 0.131837 0.213044
0 0.0970439 0.701939 0.119141 0.198177
0 0.0881693 0.713418 0.125131 0.227495
0 0.0693897 0.714362 0.138779 0.217406
0 0.0633814 0.737747 0.126763 0.202288
0 0.0719898 0.739243 0.14398 0.195007
0 0.074509 0.740138 0.149018 0.188194
0 0.0667354 0.740815 0.133471 0.182631
0 0.0631588 0.739203 0.126318 0.18751
0 0.0516873 0.723905 0.103375 0.197351
0 0.0531251 0.733406 0.10625 0.21047
0 0.0613301 0.729556 0.122599 0.209222
0 0.0611442 0.732217 0.122288 0.207333
0 0.0652607 0.732308 0.130521 0.198774
0 0.0645353 0.728472 0.129071 0.209467
0 0.0650876 0.728918 0.130175 0.208159
0 0.0636527 0.726298 0.127276 0.213497
0 0.0605054 0.724205 0.121011 0.220117
0 0.066481 0.734477 0.132962 0.197537
0 0.0716472 0.737692 0.143294 0.182931
0 0.0856151 0.742746 0.150189 0.19061
0 0.104127 0.742177 0.14058 0.199068
0 0.0999451 0.746644 0.149773 0.197101
0 0.100458 0.747388 0.146897 0.198813
0 0.098987 0.747243 0.147161 0.199804
0 0.0998528 0.746992 0.142272 0.199442
0 0.098835 0.74649 0.148786 0.201337
0 0.0877956 0.732776 0.15152 0.190611
0 0.0822115 0.728095 0.124591 0.207555
0 0.0631822 0.715411 0.119956 0.215064
0 0.0514837 0.72259 0.102967 0.204949
0 0.0412634 0.714852 0.0818783 0.222582
0 0.0521202 0.716414 0.10424 0.221318
0 0.0520374 0.713664 0.104075 0.227968
0 0.0533461 0.715348 0.106692 0.225406
0 0.0522774 0.715026 0.104555 0.227968
0 0.0530025 0.712592 0.106005 0.23307
0 0.0530938 0.714462 0.106188 0.226047
0 0.0514518 0.72064 0.102904 0.215218
0 0.0508116 0.748762 0.101525 0.178432
0 0.0514051 0.750384 0.102645 0.180152
0 0.0510199 0.749517 0.101226 0.180188
0 0.0524012 0.75142 0.104214 0.17407
0 0.0498689 0.750079 0.0990207 0.176159
0 0.0532621 0.72671 0.105775 0.214928
0 0.0517637 0.716959 0.103527 0.229114
0 0.0522235 0.711351 0.103282 0.241501
0 0.0526416 0.709671 0.103027 0.244667
0 0.0518123 0.714292 0.103625 0.23535
0 0.0509804 0.717696 0.101961 0.228467
0 0.0518435 0.720397 0.103687 0.224548
0 0.0517317 0.717253 0.103463 0.231569
0 0.0518091 0.720504 0.103618 0.224329
0 0.0518515 0.724083 0.103703 0.222961
0 0.0514555 0.724905 0.102847 0.219794
0 0.0522656 0.72619 0.104531 0.216563
0 0.0523278 0.729231 0.103188 0.211324
0 0.0532916 0.73732 0.106399 0.197332
0 0.053017 0.738058 0.106034 0.196593
0 0.0524925 0.733008 0.103677 0.206381
0 0.0526903 0.730472 0.104473 0.21087
0 0.0517846 0.729385 0.103569 0.21046
0 0.0511392 0.724551 0.102278 0.216071
0 0.0507202 0.720858 0.10144 0.224518
0 0.0525709 0.722907 0.105142 0.220219
0 0.0528465 0.725972 0.105693 0.218096
0 0.0527658 0.726093 0.105532 0.217431
0 0.0524281 0.73026 0.104856 0.210545
0 0.0524694 0.724477 0.104939 0.220063
0 0.0521903 0.723752 0.104381 0.219982
0 0.0520251 0.719627 0.10405 0.228028
0 0.0511984 0.719403 0.102397 0.230219
0 0.0520214 0.719856 0.104043 0.227099
0 0.0510666 0.720843 0.102133 0.226966
0 0.0516202 0.723678 0.10317 0.223455
0 0.0519984 0.726243 0.103997 0.217314
0 0.0517313 0.729221 0.103441 0.213312
0 0.051403 0.735862 0.102806 0.20241
0 0.0514148 0.736321 0.10283 0.203616
0 0.0514871 0.736188 0.102974 0.204028
0 0.0517943 0.738343 0.103589 0.199824
0 0.0515338 0.739405 0.103068 0.197267
0 0.0513857 0.737012 0.102771 0.198915
0 0.0512132 0.738982 0.102426 0.201258
0 0.0510216 0.738079 0.102043 0.200938
0 0.0532659 0.728931 0.106077 0.212213
0 0.0527581 0.724993 0.105516 0.2164
0 0.0515457 0.726394 0.103091 0.219148
0 0.053466 0.725964 0.106932 0.214514
0 0.0526747 0.726277 0.105307 0.214437
0 0.0531151 0.726752 0.10623 0.216882
0 0.0516829 0.727642 0.103366 0.214404
0 0.0520316 0.729782 0.104063 0.211056
0 0.0515955 0.730002 0.103191 0.211744
0 0.0513273 0.732339 0.102655 0.209
0 0.0510936 0.717032 0.102187 0.236399
0 0.050471 0.713954 0.100942 0.23677
0 0.0502998 0.716484 0.1006 0.23134
0 0.0510678 0.716455 0.102136 0.230852
0 0.0507353 0.716694 0.101471 0.229637
0 0.0510116 0.723967 0.102023 0.21732
0 0.0512925 0.724934 0.102585 0.217083
0 0.0516162 0.718522 0.103232 0.227226
0 0.0508505 0.738519 0.101701 0.19909
0 0.0513686 0.740804 0.102737 0.195103
0 0.0510598 0.736815 0.10212 0.200626
0 0.0518251 0.730369 0.10365 0.21076
0 0.0515357 0.72474 0.103071 0.215854
0 0.0513228 0.723588 0.102646 0.218227
0 0.0532482 0.723714 0.106496 0.217152
0 0.0526982 0.724026 0.105396 0.217902
0 0.0514707 0.721817 0.102941 0.222613
0 0.0523955 0.723398 0.104791 0.220239
0 0.0519536 0.729307 0.103907 0.211895
0 0.0522778 0.733717 0.103234 0.207026
0 0.051217 0.731765 0.102434 0.207961
0 0.0511212 0.73335 0.102242 0.205879
0 0.0510694 0.735275 0.102139 0.203911
0 0.0513471 0.734226 0.102694 0.204243
0 0.0516667 0.73558 0.103333 0.203099
0 0.0515362 0.735443 0.103072 0.200635
0 0.05125 0.732956 0.1025 0.206265
0 0.0520052 0.728614 0.10401 0.212323
0 0.0524441 0.735595 0.104888 0.200498
0 0.0512262 0.738768 0.102452 0.199688
0 0.0521102 0.744473 0.10422 0.194537
0 0.0524065 0.741909 0.104813 0.190751
0 0.0521403 0.741501 0.104281 0.193204
0 0.0519941 0.73873 0.103988 0.198775
0 0.0518117 0.731829 0.103623 0.209009
0 0.0524245 0.707293 0.103983 0.235043
0 0.0543702 0.707203 0.10874 0.233483
0 0.0539571 0.714526 0.107914 0.226591
0 0.0516801 0.719839 0.10336 0.22188
0 0.0518545 0.719139 0.103709 0.222553
0 0.0516967 0.721006 0.103393 0.223632
0 0.0519852 0.720679 0.10397 0.22181
0 0.0514782 0.71992 0.102956 0.225493
0 0.0516851 0.723912 0.10337 0.219032
0 0.0514923 0.727648 0.102985 0.213503
0 0.0514976 0.729881 0.102995 0.20916
0 0.0518188 0.726292 0.103638 0.215341
0 0.0516109 0.724871 0.103222 0.216552
0 0.0524162 0.727137 0.104832 0.210845
0 0.0522785 0.727478 0.104557 0.213019
0 0.0526432 0.72827 0.105286 0.211801
0 0.0527897 0.726316 0.105579 0.212092
0 0.0529982 0.737346 0.105228 0.19949
0 0.0517369 0.74685 0.102471 0.186814
0 0.052381 0.74341 0.104039 0.190686
0 0.0526991 0.743107 0.10463 0.189779
0 0.0514858 0.738395 0.102972 0.200451
0 0.0513317 0.738151 0.102663 0.199206
0 0.0511891 0.739028 0.102378 0.200745
0 0.0520527 0.742115 0.104105 0.192281
0 0.0513851 0.744846 0.10277 0.194887
0 0.0515144 0.736853 0.103029 0.20065
0 0.0520875 0.735776 0.104175 0.203826
0 0.0518412 0.736972 0.103682 0.202279
0 0.0514496 0.740117 0.102899 0.19936
0 0.0511479 0.739104 0.102296 0.198652
0 0.0509756 0.739027 0.101951 0.200017
0 0.0512157 0.739226 0.102431 0.199547
0 0.0514647 0.740821 0.102929 0.195971
0 0.0518475 0.744354 0.103695 0.192193
0 0.0517824 0.743828 0.103565 0.189857
0 0.0514522 0.740063 0.102904 0.195701
0 0.0521749 0.73231 0.10435 0.20674
0 0.0525027 0.727369 0.105005 0.214721
0 0.0531758 0.726317 0.105694 0.213709
0 0.0521232 0.73305 0.104246 0.205458
0 0.0516246 0.74247 0.103249 0.190976
0 0.0526444 0.744848 0.104238 0.188415
0 0.0514771 0.742016 0.102954 0.191832
0 0.0513399 0.741526 0.10268 0.190689
0 0.0515579 0.738895 0.103116 0.19779
0 0.0514821 0.740268 0.102964 0.197798
0 0.0514419 0.742427 0.102884 0.193936
0 0.0519746 0.74298 0.103849 0.18968
0 0.0512195 0.74293 0.102439 0.192291
0 0.0513122 0.725372 0.102624 0.215963
0 0.0513869 0.716593 0.102774 0.229758
0 0.0527639 0.713923 0.105528 0.222416
0 0.0525655 0.715527 0.105131 0.224322
0 0.0527977 0.714744 0.105595 0.227934
0 0.0525739 0.717802 0.105148 0.22514
0 0.0520971 0.713695 0.104194 0.228889
0 0.0521778 0.710504 0.104356 0.236929
0 0.0531883 0.708386 0.104744 0.237991
0 0.0533625 0.712718 0.106725 0.234908
0 0.0528298 0.715385 0.10566 0.232169
0 0.0527909 0.717646 0.105582 0.222747
0 0.0523195 0.732469 0.104639 0.203419
0 0.0566153 0.746904 0.111338 0.172187
0 0.0563009 0.746492 0.111233 0.171959
0 0.0574332 0.74655 0.110226 0.171662
0 0.0586666 0.746991 0.111426 0.173032
0 0.0575324 0.747414 0.110265 0.174302
0 0.0583299 0.747376 0.112455 0.175852
0 0.0518967 0.747338 0.102801 0.17658
0 0.0534891 0.747099 0.106269 0.177081
0 0.0544663 0.737897 0.108933 0.194157
0 0.0546203 0.73759 0.109241 0.192933
0 0.0549928 0.730007 0.109986 0.201276
0 0.0528102 0.737994 0.10562 0.194413
0 0.0530363 0.735834 0.106073 0.197616
0 0.0533728 0.736549 0.106746 0.198067
0 0.0550025 0.73247 0.110005 0.202187
0 0.0527085 0.737546 0.105417 0.197006
0 0.0535251 0.736034 0.10705 0.197043
0 0.0541241 0.731672 0.108248 0.204281
0 0.0552192 0.725818 0.110438 0.206559
0 0.0553685 0.725629 0.110737 0.204998
0 0.0558893 0.727076 0.111779 0.20585
0 0.0559578 0.726412 0.111916 0.204579
0 0.0531198 0.738117 0.10624 0.191966
0 0.053165 0.743597 0.105382 0.185969
0 0.0522435 0.745695 0.104362 0.184633
0 0.0519939 0.745195 0.103768 0.184316
0 0.051845 0.746371 0.10369 0.184314
0 0.0531151 0.746207 0.105956 0.184251
0 0.0544612 0.746441 0.108922 0.181593
0 0.0530325 0.746825 0.106065 0.180863
0 0.0527856 0.746677 0.10397 0.18138
0 0.0536962 0.744317 0.106568 0.183261
0 0.0543063 0.742738 0.107409 0.18524
0 0.0537271 0.743311 0.107422 0.184939
0 0.0537312 0.743501 0.106539 0.184532
0 0.0515058 0.744516 0.102721 0.186992
0 0.0517106 0.745764 0.103397 0.185482
0 0.0536159 0.74347 0.107132 0.18301
0 0.0535893 0.74322 0.107179 0.187913
0 0.0541419 0.743134 0.108188 0.187749
0 0.0537714 0.719638 0.107543 0.219291
0 0.0534132 0.723633 0.106826 0.211021
0 0.0539817 0.725893 0.107963 0.208787
0 0.053366 0.723716 0.106732 0.213285
0 0.0533852 0.723065 0.10677 0.212627
0 0.0526442 0.722092 0.105288 0.214256
0 0.0522544 0.723032 0.104509 0.21425
0 0.0538692 0.722149 0.107738 0.20999
0 0.0538014 0.720392 0.107603 0.2197
0 0.0538054 0.727258 0.107611 0.207401
0 0.0559099 0.742281 0.11182 0.185229
0 0.0576252 0.748133 0.113122 0.172637
0 0.0595232 0.74819 0.117206 0.168796
0 0.0588282 0.749409 0.115752 0.174123
0 0.0588368 0.74919 0.115283 0.174018
0 0.0584976 0.748725 0.11465 0.173849
0 0.0588795 0.747767 0.114513 0.172306
0 0.0587657 0.748724 0.115521 0.173807
0 0.0588458 0.748513 0.115991 0.171503
0 0.0587845 0.749546 0.114165 0.174305
0 0.0581456 0.744509 0.116291 0.180198
0 0.0532923 0.7161 0.106585 0.225166
0 0.0533578 0.716102 0.106716 0.226418
0 0.0527287 0.71744 0.105457 0.225194
0 0.0528445 0.713467 0.105689 0.226705
0 0.0532177 0.715392 0.106435 0.22757
0 0.0522469 0.718462 0.104494 0.224417
0 0.0535136 0.720285 0.107027 0.219666
0 0.0523898 0.716538 0.10478 0.226708
0 0.0542237 0.715953 0.108447 0.229105
0 0.0567596 0.720046 0.113519 0.225563
0 0.0567763 0.715229 0.113553 0.23345
0 0.0570436 0.714307 0.114085 0.234575
0 0.0571178 0.712035 0.114236 0.240589
0 0.0572316 0.707967 0.114463 0.247529
0 0.0570977 0.710847 0.114195 0.24299
0 0.0571142 0.714554 0.114228 0.234041
0 0.0571543 0.716227 0.114309 0.230916
0 0.0572115 0.714963 0.114423 0.235041
0 0.0573024 0.714305 0.114605 0.233403
0 0.0569854 0.71477 0.113971 0.234357
0 0.0570812 0.715756 0.114162 0.231264
0 0.0569634 0.716734 0.113927 0.231236
0 0.0567788 0.715671 0.113558 0.231743
0 0.0570186 0.714901 0.114037 0.232112
0 0.0561798 0.71503 0.11236 0.232363
0 0.0573119 0.717224 0.114624 0.225575
0 0.0573339 0.735929 0.114356 0.210408
0 0.0571814 0.739969 0.114124 0.206875
0 0.0569684 0.725314 0.113937 0.217507
0 0.056987 0.712961 0.113974 0.231123
0 0.0570165 0.712658 0.114033 0.232519
0 0.0567364 0.715025 0.113473 0.231575
0 0.0567046 0.718581 0.113409 0.223394
0 0.0566553 0.726032 0.113311 0.215446
0 0.0572281 0.73232 0.114097 0.213278
0 0.05662 0.735657 0.112903 0.208343
0 0.0566213 0.739337 0.113243 0.194121
0 0.0569542 0.715 0.113908 0.232269
0 0.0565319 0.71043 0.113064 0.238923
0 0.0521571 0.724791 0.104314 0.218466
0 0.0520659 0.746753 0.104132 0.190297
0 0.0513978 0.751606 0.101723 0.186085
0 0.0509581 0.742042 0.101916 0.194459
0 0.0512202 0.73974 0.10244 0.200195
0 0.0515283 0.747664 0.10295 0.191656
0 0.0514095 0.760284 0.102617 0.200665
0 0.0515916 0.75233 0.10306 0.183121
0 0.0525021 0.746408 0.105004 0.185861
0 0.0523482 0.719807 0.104696 0.226119
0 0.0540654 0.731232 0.108131 0.201575
0 0.0535395 0.736506 0.107079 0.194916
0 0.0527606 0.734139 0.105521 0.202682
0 0.0530058 0.73223 0.106012 0.201694
0 0.0531047 0.734182 0.106209 0.197241
0 0.0530041 0.745889 0.106008 0.186357
0 0.0531963 0.737869 0.106393 0.195222
0 0.053205 0.746323 0.106372 0.186938
0 0.0529278 0.74893 0.105675 0.184358
0 0.0540694 0.745725 0.108139 0.176696
0 0.0538425 0.749695 0.107657 0.182051
0 0.0541596 0.747308 0.108319 0.188095
0 0.0534342 0.738523 0.106868 0.194062
0 0.0534338 0.745106 0.106868 0.188175
0 0.0538605 0.75032 0.107549 0.183022
0 0.0538507 0.738212 0.107701 0.198018
0 0.0636923 0.719361 0.127385 0.206262
0 0.0895761 0.716938 0.134411 0.204321
0 0.0933459 0.71313 0.122138 0.208452
0 0.0892177 0.725965 0.135926 0.183174
0 0.0938862 0.723806 0.146132 0.192415
0 0.0942666 0.72382 0.145163 0.191439
0 0.0947168 0.72003 0.149389 0.19811
0 0.0941553 0.723165 0.147545 0.191446
0 0.0941385 0.724565 0.147534 0.187929
0 0.0943612 0.727725 0.147039 0.184389
0 0.0942908 0.730304 0.145578 0.177889
0 0.0940791 0.728172 0.146307 0.183415
0 0.0942453 0.724463 0.14717 0.19139
0 0.0943642 0.721339 0.148299 0.197535
0 0.0942871 0.721954 0.147803 0.194783
0 0.0943122 0.723285 0.146993 0.193942
0 0.0950652 0.721804 0.147549 0.193872
0 0.0944354 0.721751 0.146617 0.193868
0 0.0951222 0.719669 0.148254 0.200833
0 0.0949977 0.725632 0.147973 0.186508
0 0.0934419 0.725821 0.149187 0.187548
0 0.0943939 0.7279 0.146506 0.183078
0 0.0937954 0.729798 0.147159 0.182231
0 0.0946705 0.730851 0.145303 0.180198
0 0.0955584 0.730727 0.148512 0.176911
0 0.0946127 0.730407 0.146257 0.180546
0 0.0949269 0.730541 0.146776 0.175689
0 0.0941628 0.727676 0.145983 0.183245
0 0.094244 0.728445 0.146473 0.182208
0 0.0939204 0.729387 0.146048 0.178219
0 0.0929035 0.730807 0.147555 0.175334
0 0.0935198 0.731743 0.146292 0.177314
0 0.0931658 0.730696 0.146096 0.17853
0 0.093081 0.730739 0.146476 0.179036
0 0.093125 0.730202 0.146715 0.181522
0 0.093458 0.730284 0.14537 0.180716
0 0.0927665 0.729852 0.148041 0.179949
0 0.0933936 0.730253 0.145946 0.180233
0 0.0929634 0.729394 0.146115 0.180823
0 0.0938312 0.728528 0.144362 0.182091
0 0.0931809 0.729135 0.144585 0.181515
0 0.0935695 0.729694 0.144854 0.182423
0 0.0938785 0.727084 0.145215 0.189082
0 0.0953756 0.722171 0.145582 0.197295
0 0.0948701 0.721359 0.148008 0.197284
0 0.09356 0.721537 0.146872 0.196853
0 0.0943395 0.722687 0.145169 0.19478
0 0.0938225 0.724017 0.146716 0.192752
0 0.094413 0.724161 0.143893 0.191999
0 0.094283 0.723614 0.145162 0.194358
0 0.0949305 0.721583 0.146938 0.196462
0 0.0939192 0.722434 0.14741 0.195059
0 0.094438 0.721649 0.145779 0.197077
0 0.0941222 0.722019 0.145518 0.192837
0 0.0944906 0.720951 0.147436 0.199211
0 0.0942394 0.720668 0.146997 0.198035
0 0.0942886 0.722598 0.146653 0.194435
0 0.094317 0.720983 0.146619 0.197417
0 0.0940215 0.722813 0.14747 0.190255
0 0.094198 0.722572 0.146472 0.192498
0 0.093843 0.720856 0.146404 0.194842
0 0.0944217 0.721076 0.147153 0.19476
0 0.0945963 0.721935 0.146461 0.196845
0 0.0942469 0.720265 0.146318 0.195186
0 0.0948949 0.721274 0.147304 0.195309
0 0.0949746 0.720984 0.145301 0.197205
0 0.0937791 0.725466 0.146334 0.189485
0 0.0937775 0.72815 0.146059 0.182859
0 0.0931588 0.728865 0.146179 0.18384
0 0.0936805 0.727868 0.145968 0.183895
0 0.0933985 0.725184 0.145248 0.186027
0 0.0940808 0.723619 0.147475 0.190947
0 0.0939393 0.723316 0.147526 0.190045
0 0.0940607 0.720838 0.146881 0.196764
0 0.0941824 0.720334 0.147051 0.197323
0 0.0933692 0.721292 0.146411 0.193976
0 0.0940263 0.72633 0.144351 0.183599
0 0.0925778 0.727638 0.143945 0.182353
0 0.093661 0.729834 0.145388 0.181437
0 0.0925529 0.728305 0.146213 0.18056
0 0.0932996 0.728267 0.145253 0.18018
0 0.0928965 0.728581 0.145133 0.179995
0 0.0934643 0.729292 0.144429 0.180791
0 0.0937227 0.723681 0.145897 0.191621
0 0.0942553 0.722222 0.147095 0.193412
0 0.0937392 0.723782 0.145299 0.191278
0 0.0936942 0.725093 0.14599 0.188086
0 0.0938982 0.727178 0.145471 0.183745
0 0.0942698 0.728263 0.143862 0.181663
0 0.0933111 0.727766 0.142487 0.181277
0 0.0948948 0.724017 0.14823 0.193815
0 0.0952712 0.721085 0.146682 0.19696
0 0.0954354 0.72007 0.146414 0.198746
0 0.0945165 0.719555 0.147849 0.201894
0 0.0951457 0.720919 0.146856 0.19766
0 0.0949485 0.722124 0.145971 0.19641
0 0.0947054 0.723551 0.146675 0.1945
0 0.0949139 0.722116 0.148166 0.196298
0 0.0945145 0.722222 0.147411 0.195904
0 0.0950756 0.722492 0.146908 0.196296
0 0.09619 0.722642 0.143979 0.194491
0 0.0952725 0.721931 0.14714 0.196072
0 0.0942926 0.723553 0.147683 0.193589
0 0.0938105 0.723373 0.146177 0.19387
0 0.094321 0.724619 0.147031 0.193631
0 0.094446 0.72468 0.146414 0.193067
0 0.0938557 0.724054 0.146867 0.192588
0 0.0936298 0.72586 0.145713 0.189907
0 0.0945479 0.721222 0.148023 0.197798
0 0.0951612 0.718377 0.146227 0.2034
0 0.0954352 0.719197 0.145564 0.200458
0 0.0954732 0.719889 0.146724 0.198646
0 0.0947031 0.722658 0.145161 0.194304
0 0.0943929 0.72848 0.145198 0.18366
0 0.0931581 0.731587 0.146497 0.176382
0 0.0937501 0.730483 0.147002 0.179028
0 0.0935274 0.73118 0.146923 0.177614
0 0.0904468 0.732227 0.139973 0.172786
0 0.093326 0.732004 0.143137 0.173392
0 0.0963975 0.718271 0.146725 0.202102
0 0.0961998 0.718583 0.147542 0.201398
0 0.0962649 0.719862 0.145011 0.199224
0 0.0955641 0.719545 0.146505 0.200239
0 0.0953698 0.719939 0.148008 0.198294
0 0.0952037 0.721066 0.14745 0.194952
0 0.0959719 0.721547 0.146913 0.198569
0 0.09546 0.721314 0.149141 0.199617
0 0.0955467 0.719595 0.148099 0.200534
0 0.0956398 0.718701 0.14837 0.201069
0 0.0960246 0.722535 0.148877 0.196893
0 0.0951565 0.724467 0.148361 0.190246
0 0.0949634 0.727794 0.146269 0.185824
0 0.0944747 0.728082 0.146378 0.182442
0 0.0946643 0.728696 0.14625 0.185362
0 0.0946897 0.729575 0.146123 0.185573
0 0.0953062 0.729117 0.147599 0.181683
0 0.0949945 0.723432 0.148358 0.19324
0 0.0953505 0.720808 0.149632 0.198714
0 0.0952192 0.718504 0.149869 0.203585
0 0.0961871 0.719104 0.146708 0.200974
0 0.0961015 0.718285 0.146589 0.204751
0 0.0961444 0.715135 0.147041 0.210769
0 0.0959847 0.714193 0.146804 0.211947
0 0.095975 0.716536 0.147367 0.206815
0 0.0957946 0.721781 0.148521 0.199615
0 0.0951008 0.728808 0.147727 0.183419
0 0.0952304 0.729539 0.14745 0.180524
0 0.0955718 0.728345 0.147602 0.181245
0 0.0948736 0.729206 0.148678 0.181213
0 0.0951587 0.729749 0.147989 0.180447
0 0.0952136 0.730544 0.149036 0.180159
0 0.0952167 0.73065 0.148738 0.180038
0 0.0956568 0.723036 0.147656 0.195385
0 0.0955719 0.719139 0.14874 0.204307
0 0.0959937 0.719207 0.146955 0.20504
0 0.0953723 0.715224 0.148841 0.20941
0 0.0955063 0.719534 0.148378 0.203933
0 0.0952103 0.721752 0.148851 0.197892
0 0.0954314 0.728419 0.148229 0.184656
0 0.096005 0.727206 0.147517 0.185868
0 0.0947285 0.725338 0.147464 0.188272
0 0.0955951 0.721468 0.147295 0.195769
0 0.0954072 0.72275 0.148136 0.197184
0 0.0949744 0.723107 0.14737 0.194379
0 0.0947739 0.724846 0.146423 0.191773
0 0.0949607 0.729226 0.148327 0.183328
0 0.0955715 0.729426 0.148224 0.182197
0 0.0963287 0.720347 0.145448 0.197892
0 0.0959846 0.720051 0.145714 0.200833
0 0.0961185 0.719823 0.14602 0.202004
0 0.0955828 0.721965 0.148324 0.199418
0 0.0948599 0.725558 0.147571 0.192485
0 0.0945705 0.728374 0.147381 0.183839
0 0.0942137 0.731122 0.147791 0.182545
0 0.0951265 0.729664 0.146793 0.180079
0 0.0951627 0.729469 0.147544 0.183096
0 0.0949414 0.722962 0.147733 0.197934
0 0.0959405 0.720963 0.14916 0.19897
0 0.095706 0.717484 0.147092 0.208199
0 0.0957366 0.716179 0.146252 0.210092
0 0.0960738 0.719167 0.147407 0.206698
0 0.0955607 0.716727 0.147348 0.208498
0 0.0966355 0.711141 0.147523 0.219156
0 0.0959393 0.71111 0.147638 0.219955
0 0.0961499 0.709923 0.147624 0.222068
0 0.0959534 0.715592 0.14636 0.213494
0 0.0956107 0.721886 0.147328 0.197161
0 0.0963764 0.722074 0.146804 0.19603
0 0.0962465 0.722763 0.148288 0.195098
0 0.0959494 0.721493 0.146628 0.196338
0 0.0953043 0.720179 0.147566 0.200159
0 0.0952231 0.722539 0.14863 0.19415
0 0.0947278 0.723018 0.146727 0.1979
0 0.095874 0.724315 0.146616 0.191383
0 0.0945194 0.725269 0.146774 0.189555
0 0.0938315 0.726991 0.14651 0.186197
0 0.0937123 0.727201 0.146151 0.184038
0 0.0935954 0.727387 0.146158 0.183983
0 0.0942866 0.728608 0.147927 0.182442
0 0.0947412 0.728587 0.146688 0.183018
0 0.0935989 0.728458 0.14575 0.181001
0 0.0943192 0.728225 0.145334 0.180771
0 0.0942747 0.727927 0.146868 0.180541
0 0.0940845 0.728109 0.148046 0.1815
0 0.096102 0.723182 0.146727 0.196994
0 0.0956163 0.720782 0.146123 0.19835
0 0.0957035 0.71959 0.146405 0.20155
0 0.0957604 0.719226 0.146119 0.201881
0 0.0955294 0.717763 0.147017 0.204949
0 0.0958886 0.71638 0.146207 0.205741
0 0.0957901 0.714389 0.146487 0.21437
0 0.0956246 0.718124 0.146561 0.203632
0 0.0956852 0.721209 0.146559 0.196312
0 0.0956445 0.722947 0.148231 0.190773
0 0.0953107 0.724678 0.146741 0.18921
0 0.0962244 0.727286 0.147186 0.184565
0 0.095669 0.727016 0.148479 0.182487
0 0.0955441 0.728533 0.147922 0.180087
0 0.095601 0.728107 0.148303 0.181432
0 0.0946176 0.728688 0.147459 0.180535
0 0.0947445 0.728806 0.147538 0.180455
0 0.0951193 0.727737 0.147949 0.180478
0 0.0955492 0.728537 0.148287 0.180751
0 0.0958247 0.722638 0.148273 0.194314
0 0.0949263 0.722979 0.147335 0.190754
0 0.0954898 0.717162 0.147126 0.202568
0 0.0958803 0.71715 0.14728 0.204767
0 0.0947998 0.719869 0.14732 0.200047
0 0.0953405 0.718562 0.146274 0.202158
0 0.0953663 0.714337 0.146919 0.210127
0 0.0950622 0.713859 0.148545 0.21183
0 0.0946815 0.717388 0.146936 0.20595
0 0.095044 0.715223 0.145367 0.212289
0 0.094933 0.718949 0.146811 0.20465
0 0.0956328 0.71853 0.148528 0.199051
0 0.0964161 0.71982 0.148658 0.199506
0 0.0957076 0.718426 0.148165 0.203712
0 0.0957402 0.718985 0.146454 0.205323
0 0.0948113 0.715191 0.147147 0.212354
0 0.0954199 0.713991 0.148606 0.209348
0 0.0955432 0.716823 0.148965 0.206272
0 0.096356 0.717774 0.147236 0.202772
0 0.0960912 0.719351 0.147289 0.200812
0 0.0943948 0.721303 0.147872 0.197394
0 0.0951444 0.725417 0.146954 0.192037
0 0.0953808 0.729126 0.147261 0.187697
0 0.0948614 0.725669 0.146186 0.190232
0 0.0949695 0.726378 0.146049 0.184837
0 0.0942781 0.728201 0.146729 0.182499
0 0.094665 0.728937 0.143756 0.18259
0 0.0955936 0.722787 0.14477 0.195969
0 0.0954508 0.720209 0.14533 0.203013
0 0.0962427 0.720167 0.145984 0.202065
0 0.0957249 0.720184 0.145505 0.201727
0 0.0958424 0.722536 0.143826 0.196688
0 0.0967439 0.723092 0.143713 0.19432
0 0.0956475 0.722122 0.143563 0.197911
0 0.095376 0.721007 0.144743 0.203297
0 0.0963856 0.721289 0.142936 0.201253
0 0.0962765 0.722548 0.146283 0.19986
0 0.0962143 0.720563 0.142951 0.198827
0 0.0970751 0.719981 0.143178 0.199919
0 0.0962583 0.717661 0.146128 0.204973
0 0.0963141 0.718272 0.145221 0.206754
0 0.0968707 0.718789 0.142972 0.204881
0 0.0969331 0.718544 0.142564 0.203626
0 0.0956349 0.72218 0.145081 0.200003
0 0.0963265 0.721259 0.143227 0.196216
0 0.0964829 0.721333 0.143828 0.197571
0 0.0960575 0.718623 0.144156 0.208735
0 0.0981139 0.717021 0.145372 0.206252
0 0.0948904 0.719168 0.144385 0.204004
0 0.0956553 0.721181 0.145265 0.204574
0 0.095515 0.720379 0.144433 0.200722
0 0.0956227 0.721087 0.144019 0.204673
0 0.0963034 0.719447 0.143752 0.200575
0 0.0972722 0.719079 0.142632 0.201626
0 0.0961755 0.719993 0.143957 0.202232
0 0.0961106 0.720835 0.142897 0.204258
0 0.0958349 0.725091 0.143662 0.199012
0 0.0944346 0.729183 0.145088 0.187919
0 0.0951384 0.726868 0.143753 0.190895
0 0.0971061 0.721886 0.140772 0.20924
0 0.0959416 0.720525 0.143673 0.205058
0 0.096488 0.718394 0.14371 0.211712
0 0.0947906 0.720749 0.145443 0.203506
0 0.0952003 0.72031 0.1451 0.20217
0 0.0981214 0.722614 0.142084 0.213126
0 0.0986707 0.719119 0.142255 0.211895
0 0.0958799 0.718299 0.144469 0.209995
0 0.0972364 0.723012 0.141707 0.202338
0 0.0966055 0.720153 0.142185 0.20539
0 0.0964949 0.724097 0.141418 0.199716
0 0.0962243 0.719917 0.143568 0.203347
0 0.0947705 0.72088 0.145973 0.202421
0 0.0950312 0.719389 0.14545 0.204611
0 0.0975775 0.721583 0.141551 0.199949
0 0.0962839 0.725572 0.141813 0.195815
0 0.0977676 0.726994 0.1387 0.19717
0 0.0943267 0.730206 0.14356 0.187513
0 0.0980956 0.731464 0.138313 0.186498
0 0.097111 0.729964 0.141733 0.184828
0 0.0965024 0.730448 0.144081 0.184077
0 0.0969541 0.732352 0.142982 0.185299
0 0.0974726 0.732746 0.142508 0.187455
0 0.0969698 0.730961 0.142624 0.184871
0 0.0944456 0.731504 0.146388 0.188165
0 0.0951438 0.732391 0.144778 0.18706
0 0.0955176 0.718383 0.144765 0.205668
0 0.0974463 0.716603 0.142907 0.21052
0 0.0950462 0.717532 0.145664 0.211486
0 0.0945579 0.720453 0.146951 0.20506
0 0.094355 0.726775 0.145214 0.197833
0 0.096801 0.729338 0.143821 0.184566
0 0.0954721 0.724817 0.14755 0.197668
0 0.0966829 0.724468 0.142556 0.204235
0 0.0947451 0.723207 0.146803 0.204269
0 0.0957325 0.722876 0.146094 0.205604
0 0.095463 0.72043 0.145796 0.208131
0 0.0952856 0.720706 0.147514 0.207529
0 0.0966413 0.720782 0.144461 0.204795
0 0.0958638 0.721464 0.146641 0.203278
0 0.0951713 0.719389 0.145255 0.203993
0 0.094482 0.717663 0.147539 0.204329
0 0.0958675 0.719566 0.144599 0.203261
0 0.0960363 0.72027 0.144647 0.202886
0 0.0941995 0.719313 0.147226 0.205155
0 0.0956507 0.718321 0.14544 0.206947
0 0.0959904 0.730936 0.143431 0.190248
0 0.0940322 0.732505 0.147103 0.193915
0 0.0960677 0.733293 0.140598 0.192685
0 0.094251 0.725981 0.145688 0.204586
0 0.0941335 0.722724 0.146612 0.201576
0 0.0946985 0.723904 0.144992 0.201334
0 0.0937713 0.726847 0.146788 0.199727
0 0.0941105 0.729487 0.1451 0.202653
0 0.0938726 0.728682 0.145331 0.201457
0 0.0949199 0.72721 0.143124 0.197919
0 0.0931836 0.727477 0.145798 0.204143
0 0.0949823 0.72852 0.142329 0.207596
0 0.0941954 0.722979 0.144016 0.19452
0 0.0935363 0.73012 0.141467 0.19212
0 0.0938925 0.734663 0.144701 0.189517
0 0.0951328 0.735786 0.141239 0.196978
0 0.0942337 0.728277 0.143329 0.201102
0 0.0943827 0.72557 0.146445 0.203093
0 0.0946039 0.727494 0.143877 0.206204
0 0.0948968 0.722894 0.145387 0.21084
0 0.0973006 0.738848 0.142644 0.19378
0 0.0949113 0.731034 0.142544 0.210384
0 0.099476 0.713141 0.138205 0.197021
0 0.100062 0.715196 0.137504 0.211955
0 0.0979349 0.719098 0.140667 0.224726
0 0.0961272 0.716364 0.144389 0.214115
0 0.0968598 0.715607 0.144436 0.220446
0 0.0954587 0.714205 0.146788 0.217217
0 0.0970853 0.710022 0.143674 0.217727
0 0.0966201 0.706063 0.144603 0.224962
0 0.094647 0.714702 0.145629 0.2209
0 0.0971098 0.717396 0.142915 0.213302
0 0.0951732 0.713911 0.143375 0.21419
0 0.0979844 0.732726 0.13963 0.204547
0 0.0948397 0.725598 0.14561 0.217
0 0.0943601 0.720179 0.146138 0.211838
0 0.0949131 0.718117 0.145855 0.20979
0 0.0946695 0.718822 0.145974 0.209841
0 0.0941036 0.720697 0.149107 0.223362
0 0.0950146 0.726284 0.146185 0.218452
0 0.0950507 0.724745 0.145796 0.209001
0 0.0951497 0.721211 0.144555 0.203758
0 0.0942851 0.725383 0.147889 0.209525
0 0.0958822 0.720964 0.145048 0.196085
0 0.0952406 0.727803 0.145036 0.191634
0 0.094326 0.726582 0.1457 0.198222
0 0.0949133 0.728065 0.1447 0.201588
0 0.0949293 0.724445 0.144265 0.196354
0 0.0940618 0.728112 0.14574 0.203438
0 0.0942442 0.728416 0.145691 0.204676
0 0.09702 0.732836 0.140024 0.213884
0 0.0951332 0.731261 0.142929 0.209385
0 0.098272 0.724875 0.13979 0.200212
0 0.0963523 0.721783 0.143513 0.206898
0 0.0949708 0.726969 0.144151 0.210905
0 0.0950878 0.726758 0.144067 0.196934
0 0.0951364 0.728056 0.143686 0.204565
0 0.096907 0.724687 0.142203 0.204486
0 0.096329 0.722738 0.141692 0.200784
0 0.094791 0.724651 0.145071 0.198617
0 0.0953596 0.73031 0.143233 0.207229
0 0.0953894 0.72779 0.143946 0.206301
0 0.0946781 0.734289 0.141679 0.199451
0 0.0941572 0.735499 0.142527 0.193746
0 0.098243 0.725226 0.140893 0.19002
0 0.0980104 0.725041 0.140116 0.198605
0 0.0963889 0.732527 0.141418 0.205172
0 0.0952878 0.723357 0.143125 0.203953
0 0.0946837 0.7188 0.145273 0.211654
0 0.0944366 0.71695 0.145119 0.222146
0 0.0954495 0.714298 0.14354 0.216314
0 0.0969498 0.717992 0.14367 0.21621
0 0.0979446 0.726543 0.141233 0.221331
0 0.0958979 0.736461 0.138709 0.200814
0 0.0962764 0.738975 0.14305 0.201888
0 0 0 0 0
0 0.0951812 0.738151 0.141415 0.202182
0 0.09388 0.732019 0.144219 0.207424
0 0.0949338 0.731755 0.143122 0.2076
0 0.0951139 0.728822 0.143336 0.209253
0 0.0955422 0.721604 0.145358 0.21801
0 0.0948622 0.72245 0.14629 0.215428
0 0.0952954 0.723557 0.146639 0.213303
0 0.0941739 0.731487 0.145594 0.201706
0 0.0941752 0.738287 0.146114 0.190231
0 0.0940917 0.737306 0.145359 0.189186
0 0.0956088 0.737008 0.14374 0.19655
0 0.0946367 0.742985 0.144645 0.191911
0 0.0983135 0.744545 0.135624 0.194567
0 0.0986145 0.743165 0.131314 0.19289
0 0.0938513 0.741592 0.143269 0.197742
0 0.0947498 0.721419 0.145268 0.218711
0 0.0944936 0.724661 0.146324 0.207874
0 0.093351 0.736053 0.140551 0.204866
0 0.0966612 0.738442 0.1437 0.199027
0 0.0970551 0.736939 0.145665 0.195963
0 0.096482 0.723955 0.141849 0.206112
0 0.100388 0.718736 0.139283 0.216236
0 0.0973391 0.72089 0.141656 0.227308
0 0.0950138 0.722644 0.1443 0.217654
0 0.0983323 0.724692 0.138307 0.21791
0 0.0975276 0.723891 0.141134 0.216775
0 0.0954028 0.721802 0.145996 0.220452
0 0.0970741 0.722505 0.141893 0.222854
0 0.0956851 0.726686 0.144516 0.220208
0 0.0956182 0.725723 0.141714 0.217777
0 0.0969896 0.722627 0.140722 0.218547
0 0.0955955 0.72342 0.146116 0.221442
0 0.0974135 0.7174 0.143118 0.210455
0 0.0990969 0.720912 0.139597 0.208481
0 0.0959833 0.723466 0.143002 0.2145
0 0.101082 0.720655 0.134659 0.211457
0 0.101314 0.719293 0.133966 0.200796
0 0.0964546 0.727505 0.142543 0.224976
0 0.096348 0.72328 0.142713 0.216059
0 0.0959262 0.723479 0.1418 0.214788
0 0.0982028 0.719931 0.139746 0.224793
0 0.100585 0.719821 0.135855 0.220594
0 0.0986892 0.721944 0.143497 0.22773
0 0.0977562 0.717795 0.144666 0.217619
0 0.103587 0.711688 0.131035 0.188697
0 0.0994497 0.714662 0.138555 0.177462
0 0.098582 0.717932 0.140589 0.196118
0 0.0987807 0.714927 0.139433 0.192577
0 0.0989667 0.715686 0.137002 0.175663
0 0.099083 0.715393 0.137374 0.173607
0 0.0972256 0.729581 0.138187 0.178052
0 0.0990654 0.718335 0.138917 0.178793
0 0.0977062 0.717981 0.138583 0.168194
0 0.0965883 0.723282 0.139193 0.172171
0 0.0986618 0.714134 0.138587 0.177443
0 0.0985494 0.721322 0.138192 0.199251
0 0.0966337 0.724101 0.142116 0.210688
0 0.0973166 0.72289 0.14227 0.213727
0 0.0997331 0.716356 0.136944 0.174561
0 0.0994796 0.713414 0.138535 0.172498
0 0.0995155 0.720543 0.136672 0.192152
0 0.10021 0.705302 0.138573 0.18362
0 0.0981354 0.711509 0.140043 0.197808
0 0.0997876 0.706946 0.136514 0.181486
0 0.0964704 0.717985 0.142555 0.20864
0 0.0973029 0.717411 0.144705 0.21252
0 0.0972792 0.717969 0.143794 0.207989
0 0.0988867 0.720515 0.135113 0.212419
0 0.101822 0.712998 0.131865 0.194187
0 0.099695 0.717602 0.134562 0.198617
0 0.102381 0.709643 0.131191 0.1798
0 0.101705 0.71417 0.132313 0.194597
0 0.0984406 0.71558 0.140793 0.213153
0 0.0997858 0.716608 0.138508 0.214324
0 0.102535 0.701355 0.132742 0.179324
0 0.103035 0.699736 0.130864 0.176407
0 0.100794 0.703 0.133912 0.174303
0 0.0980376 0.715371 0.139106 0.199467
0 0.100943 0.706754 0.133534 0.183075
0 0.10533 0.700637 0.126402 0.1792
0 0.0979588 0.718816 0.139753 0.212847
0 0.100602 0.705486 0.134872 0.178073
0 0.0986637 0.715109 0.138847 0.176161
0 0.0963076 0.729181 0.140255 0.182925
0 0.0971443 0.729277 0.135871 0.170815
0 0.0978267 0.733535 0.13748 0.17857
0 0.0997811 0.714093 0.137002 0.158527
0 0.0956337 0.731017 0.137793 0.191424
0 0.100832 0.708351 0.135096 0.152117
0 0.0963316 0.733346 0.140172 0.182846
0 0.1001 0.731552 0.138834 0.178677
0 0.099214 0.72931 0.136068 0.173638
0 0.0975764 0.7267 0.134182 0.172372
0 0.0962686 0.721755 0.141969 0.188837
0 0.0998787 0.701417 0.137306 0.16129
0 0.0998406 0.710156 0.138429 0.181586
0 0.0996584 0.714555 0.137809 0.188298
0 0.102421 0.70307 0.131272 0.170012
0 0.104079 0.70132 0.128825 0.177375
0 0.103403 0.699034 0.128581 0.175111
0 0.100883 0.698373 0.134956 0.171612
0 0.103667 0.708508 0.130342 0.189966
0 0.100801 0.701212 0.134127 0.156382
0 0.10015 0.713204 0.132767 0.149324
0 0.0970896 0.728694 0.13513 0.177916
0 0.102033 0.724652 0.128115 0.167862
0 0.0972372 0.731032 0.133727 0.187348
0 0.0981931 0.729888 0.139573 0.170996
0 0.0983228 0.734285 0.138786 0.188654
0 0.0982684 0.72251 0.137425 0.185023
0 0.101224 0.717322 0.134165 0.175412
0 0.101911 0.714404 0.132893 0.178447
0 0.101489 0.695716 0.133776 0.159462
0 0.0994188 0.706535 0.133481 0.159594
0 0.10025 0.711612 0.135314 0.18025
0 0.102249 0.70759 0.133427 0.17592
0 0.100848 0.718794 0.136204 0.181
0 0.102573 0.721521 0.130048 0.141041
0 0.0937131 0.738177 0.134535 0.184349
0 0.0950721 0.732716 0.137663 0.17176
0 0.0980633 0.720106 0.141663 0.139802
0 0.102683 0.718942 0.13184 0.140998
0 0.0963738 0.734916 0.136767 0.172386
0 0.10079 0.709502 0.120899 0.122146
0 0.103165 0.713015 0.128751 0.138054
0 0.0950067 0.72598 0.141677 0.17426
0 0.101893 0.704396 0.133003 0.142177
0 0.10227 0.709201 0.131888 0.154524
0 0.0977744 0.714458 0.136462 0.164688
0 0.100855 0.719693 0.133984 0.173692
0 0.0944163 0.73075 0.136772 0.190069
0 0.0936565 0.7319 0.13688 0.193234
0 0.0947543 0.730952 0.136484 0.185611
0 0 0 0 0
0 0.0965825 0.71521 0.133352 0.170172
0 0.0992968 0.706362 0.131497 0.157407
0 0.0966087 0.715183 0.136096 0.185741
0 0.0986934 0.718397 0.13322 0.189641
0 0.0930055 0.729168 0.12245 0.187112
0 0.098067 0.708723 0.12065 0.156516
0 0 0 0 0
0 0.608224 0.257581 0.0534941 0.0327027
0 0.101266 0.695993 0.126499 0.156126
0 0.101406 0.709161 0.125678 0.185755
0 0.0947713 0.718436 0.135212 0.213323
0 0.102437 0.710754 0.126038 0.195558
0 0.104493 0.705493 0.124473 0.175699
0 0.0904635 0.735922 0.133922 0.202931
0 0.100358 0.736422 0.12075 0.188057
0 0.099669 0.726746 0.119354 0.166029
0 0.0929655 0.736605 0.136519 0.183752
0 0.0937023 0.739843 0.125631 0.192939
0 0.0993061 0.739811 0.121492 0.191663
0 0.0944987 0.722946 0.133663 0.160247
0 0.0950804 0.731458 0.139273 0.177768
0 0.10027 0.721517 0.134043 0.159199
0 0.0993187 0.732886 0.137635 0.1976
0 0.0970393 0.719821 0.143765 0.168907
0 0.0969891 0.73174 0.132841 0.190448
0 0.0992688 0.735141 0.137104 0.194022
0 0.101211 0.730932 0.133112 0.183019
0 0.0890587 0.737018 0.134581 0.203917
0 0.0898867 0.73263 0.13374 0.213237
0 0.09384 0.730095 0.124181 0.207287
0 0.0928717 0.728264 0.133042 0.204463
0 0.0976828 0.714052 0.121229 0.18036
0 0.0954307 0.720103 0.127726 0.200104
0 0.0965118 0.713807 0.130829 0.177652
0 0.0961916 0.717294 0.134855 0.190728
0 0.0964297 0.706504 0.132817 0.163901
0 0.0955924 0.717866 0.135171 0.185619
0 0.0966062 0.708153 0.134981 0.165532
0 0.0966575 0.715292 0.136349 0.168956
0 0.0991336 0.703501 0.129479 0.15975
0 0.0985032 0.719954 0.136092 0.188861
0 0.10067 0.719376 0.132607 0.182754
0 0.0937206 0.729723 0.128551 0.188922
0 0.0942401 0.730772 0.131863 0.182501
0 0.0897137 0.737927 0.133226 0.19407
0 0.0949698 0.734416 0.127629 0.206659
0 0.0939422 0.732653 0.132425 0.197275
0 0.0955382 0.732445 0.135746 0.197451
0 0.0958703 0.714728 0.135816 0.17755
0 0.0939492 0.727012 0.13749 0.191512
0 0.0945406 0.72034 0.133072 0.185994
0 0.0920035 0.729107 0.139486 0.19886
0 0.0921298 0.731356 0.13665 0.204997
0 0.090691 0.729741 0.138048 0.211447
0 0.0914543 0.731787 0.137141 0.196924
0 0.0891732 0.734374 0.134772 0.201789
0 0.0887591 0.737946 0.131703 0.195965
0 0.0933226 0.733175 0.131263 0.208876
0 0.0941648 0.730977 0.133569 0.194711
0 0 0 0 0
0 0.095451 0.714491 0.13101 0.183315
0 0.0941998 0.730303 0.133787 0.206926
0 0.0924874 0.737394 0.129969 0.203808
0 0.0954705 0.73232 0.12558 0.187002
0 0.0938879 0.738675 0.136243 0.193895
0 0.0912977 0.738112 0.129707 0.194607
0 0.0899888 0.733314 0.137692 0.192121
0 0.0933091 0.734676 0.141753 0.198525
0 0 0 0 0
0 0.0938154 0.742033 0.130327 0.200637
0 0.0923232 0.736938 0.128492 0.193689
0 0.0884016 0.73918 0.134925 0.204962
0 0.0894377 0.739315 0.136497 0.194859
0 0.0904975 0.737399 0.135199 0.190119
0 0 0 0 0
0 0.0879096 0.740159 0.132352 0.19192
0 0.0938367 0.736142 0.131472 0.183049
0 0.091631 0.738119 0.134035 0.187551
0 0 0 0 0
0 0.0896205 0.735481 0.135538 0.196571
0 0.0921178 0.738417 0.127984 0.204256
0 0.0908943 0.732425 0.126376 0.199154
0 0.0926143 0.734028 0.126268 0.185025
0 0.0906064 0.738294 0.130795 0.193839
0 0.0949626 0.736905 0.130152 0.187593
0 0.0904346 0.741326 0.127974 0.19663
0 0.0906339 0.739342 0.126513 0.191322
0 0.0906277 0.739392 0.127278 0.193525
0 0.0925925 0.734117 0.134917 0.199863
0 0.0901155 0.734095 0.135031 0.204868
0 0.0938247 0.735754 0.134999 0.197657
0 0.0902669 0.734586 0.13562 0.200051
0 0.0882391 0.740144 0.130046 0.19573
0 0.094247 0.737639 0.123906 0.190528
0 0.0936237 0.739766 0.127227 0.193895
0 0.0925595 0.7398 0.133597 0.192243
0 0.0955432 0.730607 0.139743 0.201696
0 0.0928181 0.738196 0.134588 0.188524
0 0.0971159 0.736888 0.137955 0.184403
0 0.0947946 0.736127 0.133559 0.184363
0 0.0996474 0.716957 0.134749 0.170277
0 0.0971427 0.734817 0.138457 0.204261
0 0 0 0 0
0 0.0955853 0.739463 0.128394 0.194203
0 0 0 0 0
0 0.088425 0.738375 0.127945 0.191505
0 0.0929226 0.731326 0.135026 0.214016
0 0.0961827 0.727123 0.141649 0.221208
0 0.0969078 0.721181 0.136511 0.208352
0 0.0917463 0.730473 0.140068 0.205909
0 0.0911729 0.734977 0.13211 0.200165
0 0.0916104 0.735546 0.13713 0.194569
0 0.0905117 0.737253 0.135906 0.199025
0 0.0974309 0.732619 0.136473 0.202035
0 0.0986598 0.715785 0.139147 0.184228
0 0.101673 0.719731 0.132413 0.1797
0 0.0958219 0.727496 0.143366 0.203911
0 0.0987133 0.720592 0.134111 0.190714
0 0.100035 0.704799 0.130478 0.152705
0 0.100124 0.710449 0.13363 0.168152
0 0.101261 0.70352 0.134026 0.157306
0 0.09904 0.702799 0.138432 0.158583
0 0.0973094 0.718832 0.137376 0.200195
0 0.0980552 0.712272 0.138921 0.186625
0 0.100406 0.718006 0.13426 0.184513
0 0.0957051 0.726175 0.143631 0.196617
0 0.100661 0.715518 0.134257 0.166682
0 0.0976741 0.732289 0.139569 0.19889
0 0 0 0 0
0 0.0943492 0.731126 0.125539 0.191594
0 0.0939497 0.732388 0.130109 0.215077
0 0.0962264 0.732629 0.137586 0.210132
0 0.0987291 0.714195 0.137149 0.172591
0 0.0967599 0.722943 0.133404 0.207364
0 0.0936599 0.72868 0.135285 0.213098
0 0.0978687 0.721053 0.134082 0.193746
0 0.101435 0.691853 0.131414 0.137916
0 0.0930267 0.740312 0.133697 0.197328
0 0.0977613 0.714171 0.127403 0.166636
0 0.100097 0.708677 0.132484 0.177853
0 0.0971965 0.706925 0.131375 0.175418
0 0.0970289 0.706706 0.12107 0.146194
0 0.0959876 0.736051 0.12484 0.198061
0 0.0909525 0.735757 0.132095 0.202927
0 0.0911573 0.736339 0.134097 0.20865
0 0.0956543 0.734492 0.135218 0.205924
0 0.0985151 0.717927 0.131158 0.1737
0 0.0943237 0.725824 0.136422 0.185382
0 0.101045 0.717568 0.130491 0.184417
0 0.099987 0.700511 0.134955 0.151996
0 0.0936873 0.735462 0.134138 0.197073
0 0.0963143 0.730445 0.131155 0.2133
0 0.0951277 0.714458 0.132651 0.191814
0 0.0946644 0.724549 0.142665 0.211591
0 0.0957296 0.700809 0.133437 0.155483
0 0.095314 0.705971 0.133031 0.167292
0 0.0979003 0.71169 0.131226 0.180618
0 0.0961205 0.722183 0.136965 0.197918
0 0.0960993 0.722763 0.140487 0.200822
0 0.10044 0.720302 0.131129 0.221149
0 0.091816 0.715273 0.137491 0.221787
0 0.0972502 0.718354 0.141548 0.228851
0 0.0902617 0.719311 0.131964 0.229046
0 0.0891389 0.719994 0.138086 0.224986
0 0.0940389 0.719449 0.13492 0.22469
0 0.0987192 0.717741 0.136516 0.20264
0 0.122558 0.68354 0.168242 0.159302
0 0.177692 0.678202 0.166465 0.181493
0 0.232969 0.684802 0.145872 0.175029
0 0.261521 0.680117 0.152815 0.190856
0 0.262276 0.680698 0.145368 0.188183
0 0.262076 0.681965 0.150624 0.187162
0 0.266117 0.67925 0.146703 0.188298
0 0.264867 0.68174 0.156041 0.1866
0 0.260817 0.679073 0.148217 0.190995
0 0.26103 0.682347 0.148622 0.184125
0 0.264109 0.681634 0.153978 0.182661
0 0.264191 0.680761 0.153561 0.184752
0 0.262322 0.682937 0.150435 0.180651
0 0.264791 0.683646 0.149035 0.178974
0 0.265555 0.683554 0.149485 0.178781
0 0.263913 0.684321 0.149687 0.178701
0 0.260334 0.683487 0.1458 0.177283
0 0.258214 0.683528 0.137441 0.178151
0 0.257374 0.683263 0.132236 0.17824
0 0.264777 0.683282 0.148158 0.177359
0 0.263581 0.684152 0.147198 0.178653
0 0.25961 0.68369 0.137967 0.179252
0 0.262025 0.683402 0.144182 0.177698
0 0.260958 0.682808 0.147195 0.179747
0 0.263359 0.684371 0.153074 0.175852
0 0.268946 0.684307 0.162809 0.176075
0 0.267577 0.684893 0.160344 0.176133
0 0.26323 0.6853 0.153794 0.176042
0 0.264305 0.68692 0.162856 0.173434
0 0.265078 0.679415 0.15534 0.188513
0 0.262583 0.675948 0.151575 0.196593
0 0.261945 0.676778 0.1501 0.195018
0 0.26155 0.677148 0.149727 0.194491
0 0.262509 0.676098 0.150467 0.195761
0 0.262237 0.677217 0.15063 0.194596
0 0.262178 0.678162 0.150713 0.19233
0 0.262539 0.678547 0.151301 0.190606
0 0.263505 0.678179 0.152599 0.190471
0 0.263494 0.678662 0.153023 0.190399
0 0.264586 0.679497 0.15365 0.18953
0 0.264358 0.679505 0.154373 0.188714
0 0.263922 0.679589 0.153673 0.188804
0 0.262577 0.677316 0.151487 0.19405
0 0.25722 0.682122 0.147008 0.184206
0 0.249038 0.678154 0.124125 0.186893
0 0.261738 0.73124 0.104632 0.214459
0 0.291079 0.852524 0.117321 0.289746
0 0.327922 0.945749 0.0918321 0.108503
0 0 0 0 0
0 0 0 0 0
0 0 0 0 0
0 0 0 0 0
0 0 0 0 0
0 0 0 0 0
0 0 0 0 0
0 0 0 0 0
0 0 0 0 0
0 0 0 0 0
0 0 0 0 0
0 0 0 0 0
0 0 0 0 0
0 0 0 0 0
0 0 0 0 0
0 0 0 0 0
0 0 0 0 0
0 0 0 0 0
0 0 0 0 0
0 0 0 0 0
0 0 0 0 0
0 0 0 0 0
0 0 0 0 0
0 0 0 0 0
0 0 0 0 0
0 0 0 0 0
0 0 0 0 0
0 0 0 0 0
0 0 0 0 0
0 0 0 0 0
0 0 0 0 0
0 0 0 0 0
0 0 0 0 0
0 0 0 0 0
0 0 0 0 0
0 0 0 0 0
0 0 0 0 0
0 0 0 0 0
0 0 0 0 0
0 0 0 0 0
0 0 0 0 0
0 0 0 0 0
0 0 0 0 0
0 0 0 0 0
0 0 0 0 0
0 0 0 0 0
0 0 0 0 0
0 0 0 0 0
0 0 0 0 0
0 0 0 0 0
0 0 0 0 0
0 0 0 0 0
0 0 0 0 0
0 0 0 0 0
0 0 0 0 0
0 0 0 0 0
0 0 0 0 0
0 0 0 0 0
0 0 0 0 0
0 0 0 0 0
0 0 0 0 0
0 0 0 0 0
0 0 0 0 0
0 0 0 0 0
0 0 0 0 0
0 0 0 0 0
0 0 0 0 0
0 0 0 0 0
0 0 0 0 0
0 0 0 0 0
0 0 0 0 0
0 0 0 0 0
0 0 0 0 0
0 0 0 0 0
0 0 0 0 0
0 0 0 0 0
0 0 0 0 0
0 0 0 0 0
0 0 0 0 0
0 0 0 0 0
0 0 0 0 0
0 0 0 0 0
0 0 0 0 0
0 0 0 0 0
0 0 0 0 0
0 0 0 0 0
0 0 0 0 0
0 0 0 0 0
0 0 0 0 0
0 0 0 0 0
0 0 0 0 0
0 0 0 0 0
0 0 0 0 0
0 0 0 0 0
0 0 0 0 0
0 0 0 0 0
0 0 0 0 0
0 0 0 0 0
0 0 0 0 0
0 0 0 0 0
0 0 0 0 0
0 0 0 0 0
0 0 0 0 0
0 0 0 0 0
0 0 0 0 0
0 0 0 0 0
0 0 0 0 0
0 0 0 0 0
0 0 0 0 0
0 0 0 0 0
0 0 0 0 0
0 0 0 0 0
0 0 0 0 0
0 0 0 0 0
0 0 0 0 0
0 0 0 0 0
0 0 0 0 0
0 0 0 0 0
0 0 0 0 0
0 0 0 0 0
0 0 0 0 0
0 0 0 0 0
0 0 0 0 0
0 0 0 0 0
0 0 0 0 0
0 0 0 0 0
0 0 0 0 0
0 0 0 0 0
0 0 0 0 0
0 0 0 0 0
0 0.090389 0.780827 0.0856925 0.210118
0 0.059035 0.728814 0.117648 0.234926
0 0.0496211 0.68866 0.0982569 0.210597
0 0.0344725 0.671074 0.0689449 0.226817
0 0.0282993 0.602452 0.0565807 0.211273
0 0.0499346 0.58175 0.0998237 0.188437
0 0.0513166 0.597341 0.102633 0.1752
0 0.0256514 0.615944 0.0511696 0.21187
0 0.027411 0.659362 0.0548219 0.23789
0 0.0545692 0.678797 0.109138 0.211656
0 0 0 0 0
0 0 0 0 0
0 0 0 0 0
0 0 0 0 0
0 0 0 0 0
0 0 0 0 0
0 0 0 0 0
0 0 0 0 0
0 0 0 0 0
0 0 0 0 0
0 0 0 0 0
0 0 0 0 0
0 0 0 0 0
0 0 0 0 0
0 0 0 0 0
0 0 0 0 0
0 0 0 0 0
0 0 0 0 0
0 0 0 0 0
0 0 0 0 0
0 0 0 0 0
0 0 0 0 0
0 0 0 0 0
0 0.605866 0.260149 0.0557816 0.0361206
0 0.604563 0.259429 0.0533184 0.0361419
0 0.606104 0.258806 0.0543262 0.0375354
0 0.605193 0.257664 0.0516176 0.0359568
0 0 0 0 0
0 0 0 0 0
0 0.606529 0.256373 0.0481186 0.0341585
0 0 0 0 0
0 0 0 0 0
0 0 0 0 0
0 0.605716 0.256508 0.050793 0.0354409
0 0.605646 0.255675 0.0499412 0.03629
0 0.604425 0.256129 0.0518273 0.0376636
0 0.605695 0.256798 0.0514895 0.0361146
0 0.604433 0.256451 0.052425 0.0377687
0 0 0 0 0
0 0 0 0 0
0 0 0 0 0
0 0.606686 0.257742 0.0503254 0.0352555
0 0.605362 0.259455 0.0554659 0.0373162
0 0.60297 0.260314 0.0492716 0.0384526
0 0 0 0 0
0 0 0 0 0
0 0.607228 0.257287 0.053442 0.0366613
0 0.606032 0.256784 0.0518722 0.0394245
0 0.605256 0.258651 0.0548475 0.0401398
0 0 0 0 0
0 0.607463 0.258746 0.0509163 0.0352067
0 0.604956 0.258195 0.0527304 0.0417691
0 0.606805 0.255535 0.0503447 0.0408285
0 0 0 0 0
0 0 0 0 0
0 0 0 0 0
0 0 0 0 0
0 0 0 0 0
0 0.608022 0.257429 0.0504662 0.0348542
0 0 0 0 0
0 0.607555 0.257479 0.0549171 0.0373463
0 0 0 0 0
0 0 0 0 0
0 0 0 0 0
0 0 0 0 0
0 0 0 0 0
0 0 0 0 0
0 0 0 0 0
0 0 0 0 0
0 0 0 0 0
0 0 0 0 0
0 0 0 0 0
0 0 0 0 0
0 0 0 0 0
0 0 0 0 0
0 0 0 0 0
0 0.609009 0.258812 0.0536755 0.0329271
0 0 0 0 0
0 0 0 0 0
0 0 0 0 0
0 0 0 0 0
0 0 0 0 0
0 0 0 0 0
0 0.0461102 0.679034 0.0922205 0.208996
0 0 0 0 0
0 0 0 0 0
0 0 0 0 0
0 0 0 0 0
0 0 0 0 0
0 0.607139 0.257358 0.0520627 0.0335898
0 0.606129 0.257286 0.0522793 0.0362246
0 0 0 0 0
0 0.605773 0.256995 0.0524479 0.0343194
0 0.606156 0.256957 0.0506268 0.0337538
0 0 0 0 0
0 0.606735 0.256979 0.0534139 0.0368003
0 0 0 0 0
0 0 0 0 0
0 0 0 0 0
0 0.60567 0.257554 0.0497142 0.0324151
0 0.604401 0.258836 0.0492491 0.0343693
0 0 0 0 0
0 0 0 0 0
0 0 0 0 0
0 0 0 0 0
0 0 0 0 0
0 0 0 0 0
0 0 0 0 0
0 0 0 0 0
0 0 0 0 0
0 0 0 0 0
0 0.0429926 0.677838 0.0856269 0.218696
0 0.0421314 0.667847 0.0804321 0.211419
0 0.0422516 0.670067 0.0844508 0.212208
0 0.0478379 0.677574 0.0916918 0.208436
0 0 0 0 0
0 0 0 0 0
0 0 0 0 0
0 0 0 0 0
0 0 0 0 0
0 0 0 0 0
0 0 0 0 0
0 0 0 0 0
0 0 0 0 0
0 0 0 0 0
0 0 0 0 0
0 0 0 0 0
0 0 0 0 0
0 0 0 0 0
0 0 0 0 0
0 0 0 0 0
0 0.0415117 0.702492 0.0828075 0.198881
0 0 0 0 0
0 0 0 0 0
0 0.040534 0.715405 0.0810681 0.213821
0 0.0517854 0.698684 0.103038 0.196323
0 0 0 0 0
0 0 0 0 0
0 0 0 0 0
0 0.0858352 0.679583 0.169204 0.184298
0 0.085111 0.68422 0.170222 0.176793
0 0.0863961 0.685016 0.170352 0.171914
0 0.0879419 0.684386 0.169535 0.18044
0 0.0869452 0.686192 0.168306 0.166822
0 0.087915 0.688926 0.163871 0.167623
0 0.0815505 0.690746 0.157692 0.165128
0 0.0893146 0.694758 0.161141 0.168694
0 0.0894226 0.694608 0.162775 0.167526
0 0.0942015 0.696306 0.155951 0.171003
0 0.0889267 0.691392 0.162465 0.175611
0 0.0894505 0.689678 0.168081 0.18565
0 0.0896527 0.68813 0.165948 0.183829
0 0.0913881 0.692468 0.163661 0.175232
0 0.0915742 0.692322 0.162497 0.173788
0 0 0 0 0
0 0.0897518 0.689566 0.166946 0.180584
0 0.0891009 0.688537 0.167501 0.176999
0 0.0890906 0.69149 0.167439 0.181571
0 0.0891424 0.691679 0.167383 0.187948
0 0.0877922 0.690477 0.167391 0.185173
0 0.0857345 0.687525 0.168081 0.173227
0 0.088733 0.690821 0.168327 0.173935
0 0.0894598 0.691137 0.166946 0.163566
0 0.0882843 0.691126 0.166178 0.16085
0 0.0809831 0.691347 0.156918 0.166892
0 0.0871736 0.687628 0.167689 0.178817
0 0.0878654 0.691145 0.165518 0.181497
0 0.0878412 0.690914 0.166285 0.17958
0 0.0870935 0.689545 0.168497 0.174238
0 0.0876723 0.689453 0.169429 0.186416
0 0.0860698 0.676001 0.170126 0.183247
0 0.0846178 0.690721 0.164731 0.163906
0 0.0872061 0.691459 0.166271 0.163888
0 0.0881858 0.690624 0.170053 0.160593
0 0.0883463 0.694045 0.167614 0.166257
0 0.0840584 0.693544 0.154324 0.171048
0 0.0883017 0.688676 0.170607 0.166336
0 0.0886065 0.689186 0.168736 0.168268
0 0.0863613 0.685282 0.17099 0.169593
0 0.086395 0.685077 0.170366 0.168825
0 0.0864076 0.685361 0.17036 0.165935
0 0.0867455 0.685605 0.171793 0.164996
0 0.0874316 0.692991 0.166835 0.166766
0 0.0872992 0.694248 0.165121 0.16522
0 0.0872258 0.692774 0.166614 0.162268
0 0.0876746 0.692288 0.168039 0.161784
0 0.086849 0.691484 0.166564 0.160822
0 0.086242 0.690917 0.166109 0.159547
0 0.0879611 0.691076 0.168472 0.161382
0 0.0880767 0.690265 0.166456 0.158742
0 0.0873861 0.689904 0.168555 0.158567
0 0.0879521 0.689377 0.165592 0.157255
0 0.0876765 0.684326 0.171098 0.16738
0 0.086833 0.681106 0.169868 0.172292
0 0.0869263 0.68452 0.16954 0.178062
0 0.0863874 0.685355 0.168609 0.174537
0 0.0886472 0.68718 0.167893 0.181179
0 0.0875579 0.682972 0.169034 0.171492
0 0 0 0 0
0 0.0880671 0.680242 0.171566 0.182014
0 0.0877509 0.683424 0.171879 0.187916
0 0.0874388 0.681204 0.171751 0.188651
0 0.088257 0.679409 0.170918 0.183429
0 0.0865487 0.679514 0.169375 0.179464
0 0.0871143 0.681596 0.168248 0.174768
0 0.0880868 0.6859 0.168342 0.177482
0 0.0853967 0.68513 0.170222 0.169132
0 0.0872693 0.685835 0.170999 0.175781
0 0.0853968 0.685147 0.169809 0.168918
0 0.0860159 0.684271 0.170231 0.170044
0 0.0864736 0.685455 0.168674 0.172415
0 0.0859232 0.683994 0.170866 0.169117
0 0.0860995 0.684919 0.169986 0.16939
0 0.0864724 0.682511 0.170662 0.172335
0 0.0885918 0.680212 0.1713 0.186378
0 0.0863687 0.679771 0.170623 0.18339
0 0.0874482 0.681319 0.170702 0.186564
0 0.0869335 0.68013 0.171585 0.182003
0 0.0864112 0.680767 0.172324 0.179563
0 0.0858432 0.682471 0.171686 0.177262
0 0.0867426 0.683069 0.171042 0.17376
0 0.0870138 0.683135 0.17111 0.173908
0 0.0887285 0.683555 0.170163 0.178613
0 0.0863485 0.685154 0.171417 0.170115
0 0.0892041 0.688183 0.171763 0.163789
0 0.0889194 0.687606 0.17194 0.162433
0 0.0887086 0.688801 0.171292 0.162133
0 0.0891013 0.689328 0.171977 0.162456
0 0.088809 0.688256 0.170322 0.158769
0 0.0868126 0.684523 0.170777 0.16784
0 0.0878495 0.683326 0.172368 0.178611
0 0.0873187 0.680787 0.17172 0.182724
0 0.0858249 0.679931 0.17165 0.179106
0 0.0880272 0.684432 0.168428 0.178641
0 0.0857259 0.684074 0.167869 0.168474
0 0.0861116 0.684065 0.169883 0.168987
0 0.0865007 0.684475 0.170143 0.166405
0 0.086982 0.683548 0.169177 0.168773
0 0.0858451 0.682867 0.168978 0.171089
0 0.0869056 0.687301 0.169302 0.176069
0 0.0861179 0.684927 0.168809 0.166104
0 0.0871552 0.691361 0.166773 0.162181
0 0.0893098 0.69005 0.166529 0.159783
0 0.0882643 0.691132 0.166973 0.162423
0 0.0882647 0.690517 0.167736 0.160468
0 0.0880501 0.69305 0.167442 0.165425
0 0.08803 0.69195 0.167012 0.164049
0 0.0880458 0.691044 0.169244 0.16203
0 0.0881779 0.692012 0.167764 0.16426
0 0.0877396 0.691209 0.168302 0.16342
0 0.087181 0.684407 0.168375 0.177132
0 0.0855166 0.683914 0.168114 0.17215
0 0.087432 0.684646 0.168819 0.17531
0 0.0858416 0.682836 0.16772 0.170793
0 0.0865857 0.685951 0.166684 0.179389
0 0.0851529 0.685432 0.168083 0.172255
0 0.0846761 0.685247 0.168766 0.174497
0 0.086489 0.68593 0.16803 0.178002
0 0.0870679 0.685432 0.1686 0.173056
0 0.0880138 0.687308 0.16925 0.164874
0 0.088202 0.687538 0.16726 0.161294
0 0.0859655 0.684546 0.168582 0.172126
0 0.0855454 0.685954 0.168558 0.169458
0 0.0859612 0.687191 0.168959 0.167279
0 0.0863162 0.686712 0.168398 0.177851
0 0.0857019 0.683162 0.168635 0.171669
0 0.0858678 0.683461 0.168557 0.173115
0 0.0869949 0.684324 0.168678 0.178259
0 0.0866995 0.681491 0.170153 0.178985
0 0.0867192 0.679634 0.170227 0.178901
0 0.0875378 0.680997 0.16956 0.184604
0 0.0883943 0.675484 0.169892 0.182792
0 0.0866107 0.679441 0.170228 0.177859
0 0.0863264 0.680365 0.17058 0.175137
0 0.0863566 0.682785 0.168642 0.170666
0 0.0858901 0.683338 0.169703 0.1721
0 0.0866754 0.683771 0.169427 0.173388
0 0.0859023 0.682957 0.168517 0.167376
0 0.0862957 0.684131 0.168528 0.162614
0 0.0877729 0.687699 0.170017 0.169479
0 0.0880016 0.690375 0.169776 0.165825
0 0.0884322 0.688107 0.167522 0.164043
0 0.0862414 0.686612 0.167042 0.171071
0 0.0862567 0.684279 0.168414 0.17735
0 0.0873289 0.683375 0.167725 0.180145
0 0.0858445 0.682649 0.169442 0.176534
0 0.0868695 0.681525 0.169638 0.186894
0 0.0876307 0.678811 0.170475 0.180763
0 0.0878283 0.677548 0.169923 0.19619
0 0.0864247 0.678858 0.171171 0.182358
0 0.0863805 0.678753 0.170224 0.185107
0 0.0866238 0.679863 0.170388 0.181436
0 0.0867888 0.680302 0.170935 0.181804
0 0.087453 0.681865 0.168296 0.18261
0 0.0864476 0.682421 0.169947 0.173756
0 0.0861988 0.684228 0.169519 0.171629
0 0.0856759 0.681788 0.168379 0.180221
0 0.0855963 0.682518 0.169878 0.177616
0 0.0856373 0.683147 0.168561 0.177099
0 0.0858273 0.687889 0.16816 0.165316
0 0.0868245 0.686438 0.166978 0.163353
0 0.0862572 0.686155 0.168088 0.162861
0 0.0880162 0.688199 0.169866 0.169647
0 0.0873476 0.68637 0.169257 0.16938
0 0.087533 0.67975 0.171331 0.189496
0 0.0861957 0.677752 0.170959 0.192262
0 0.0865625 0.67983 0.17102 0.181662
0 0.0863362 0.683859 0.170011 0.174254
0 0.0857094 0.689677 0.165239 0.169065
0 0.0859601 0.688552 0.16684 0.161514
0 0.0796744 0.691629 0.157121 0.163271
0 0.0883669 0.690773 0.168483 0.16155
0 0.0882196 0.692351 0.168937 0.164629
0 0.0886547 0.689042 0.168986 0.158017
0 0.0870971 0.682657 0.169438 0.16713
0 0.0863266 0.682137 0.168471 0.169299
0 0.0857109 0.686503 0.169664 0.169937
0 0.0869808 0.682886 0.167752 0.167646
0 0.0876859 0.686764 0.167693 0.168451
0 0.0871506 0.68659 0.168356 0.16315
0 0.0867583 0.687054 0.168614 0.169101
0 0.0868902 0.679633 0.16936 0.181771
0 0.0871314 0.681975 0.168591 0.180965
0 0.0862223 0.678777 0.170579 0.182829
0 0.0867776 0.676874 0.171218 0.187259
0 0.0948158 0.673518 0.157626 0.195526
0 0.0901764 0.675483 0.163828 0.195049
0 0.0925333 0.67654 0.159321 0.189748
0 0.086081 0.679006 0.169522 0.181583
0 0.086999 0.681649 0.169309 0.176789
0 0.0863048 0.683632 0.167903 0.172819
0 0.0883694 0.688322 0.170347 0.174902
0 0.0880384 0.686504 0.170067 0.169609
0 0.0859521 0.686422 0.168772 0.172831
0 0.0861936 0.684772 0.170319 0.17828
0 0.0878657 0.682323 0.170291 0.17919
0 0.0869585 0.684663 0.168908 0.176717
0 0.0864176 0.681022 0.16934 0.180618
0 0.62979 0.221884 0.0255304 0.0342515
0 0.0928305 0.673813 0.157834 0.198017
0 0.0921391 0.670124 0.157039 0.2011
0 0.0876237 0.671555 0.165794 0.19955
0 0.614185 0.217988 0.0355066 0.049773
0 0.0880741 0.672838 0.165218 0.192188
0 0.0874604 0.678303 0.166264 0.182934
0 0.0869194 0.678172 0.165908 0.184868
0 0.0868049 0.677487 0.165755 0.184254
0 0.0869293 0.676049 0.165091 0.185928
0 0.086894 0.676292 0.166707 0.18575
0 0.0916316 0.67428 0.160688 0.193674
0 0.090169 0.675711 0.164263 0.192656
0 0.090831 0.675998 0.160408 0.194445
0 0.0911429 0.674225 0.162503 0.19723
0 0.0910776 0.673418 0.160482 0.197973
0 0.0901238 0.675926 0.162187 0.19174
0 0.0869175 0.678142 0.165312 0.179518
0 0.0878075 0.677099 0.162131 0.177809
0 0.0866277 0.679709 0.162935 0.171602
0 0.0876203 0.678742 0.163147 0.182883
0 0.087414 0.677269 0.162423 0.181592
0 0.0864253 0.676007 0.164674 0.188343
0 0.086671 0.677128 0.163931 0.183433
0 0.0894751 0.678535 0.162791 0.191263
0 0.0871947 0.677959 0.166622 0.181384
0 0.0868829 0.676954 0.165466 0.185497
0 0.0877587 0.675902 0.163327 0.191465
0 0.0894018 0.678016 0.162103 0.190176
0 0.0867528 0.678382 0.165381 0.181038
0 0.0867127 0.682077 0.164886 0.175247
0 0.0861496 0.682229 0.164803 0.173751
0 0.0864851 0.678158 0.166029 0.183866
0 0.0866429 0.676561 0.164978 0.184682
0 0 0 0 0
0 0.0860245 0.675246 0.165732 0.190544
0 0.0987057 0.669965 0.143634 0.203733
0 0.0907347 0.671039 0.171452 0.199022
0 0.0919759 0.677127 0.169267 0.1908
0 0.0916061 0.678853 0.17064 0.187378
0 0.0916843 0.676446 0.170898 0.191323
0 0.0926279 0.673647 0.169909 0.191903
0 0.0900048 0.674746 0.172339 0.185714
0 0.0894921 0.676345 0.171406 0.184003
0 0.0898326 0.677726 0.170673 0.178552
0 0.0888693 0.679359 0.171767 0.176944
0 0.08884 0.681499 0.170705 0.177843
0 0.0886841 0.674314 0.17146 0.188791
0 0.0904306 0.669559 0.169027 0.204197
0 0.0922425 0.673765 0.165877 0.195124
0 0.0995801 0.672875 0.153407 0.197033
0 0.096519 0.672904 0.158439 0.196363
0 0.0942826 0.672466 0.162598 0.197809
0 0.0894983 0.674071 0.16821 0.198575
0 0.0884308 0.670878 0.168039 0.196812
0 0.0939485 0.674697 0.161429 0.196747
0 0.0883859 0.674153 0.168506 0.184205
0 0.088921 0.675608 0.169358 0.18259
0 0.0908553 0.666299 0.163171 0.210139
0 0 0 0 0
0 0 0 0 0
0 0.686612 0.234125 0.0236159 0.054438
0 0 0 0 0
0 0 0 0 0
0 0 0 0 0
0 0.0473515 0.690557 0.0944766 0.21167
0 0 0 0 0
0 0 0 0 0
0 0.643921 0.215699 0.0316071 0.0305907
0 0.642552 0.213743 0.0344892 0.0321421
0 0.0406781 0.674904 0.0812842 0.201965
0 0.0413383 0.675553 0.0826495 0.207069
0 0 0 0 0
0 0 0 0 0
0 0 0 0 0
0 0 0 0 0
0 0 0 0 0
0 0 0 0 0
0 0 0 0 0
0 0 0 0 0
0 0 0 0 0
0 0 0 0 0
0 0.0452175 0.702218 0.0900894 0.216959
0 0 0 0 0
0 0 0 0 0
0 0 0 0 0
0 0 0 0 0
0 0 0 0 0
0 0.602701 0.259548 0.0476707 0.0380041
0 0 0 0 0
0 0 0 0 0
0 0 0 0 0
0 0 0 0 0
0 0 0 0 0
0 0 0 0 0
0 0 0 0 0
0 0 0 0 0
0 0.604146 0.258979 0.0511261 0.039571
0 0 0 0 0
0 0 0 0 0
0 0 0 0 0
0 0 0 0 0
0 0 0 0 0
0 0 0 0 0
0 0 0 0 0
0 0 0 0 0
0 0 0 0 0
0 0 0 0 0
0 0 0 0 0
0 0 0 0 0
0 0 0 0 0
0 0 0 0 0
0 0 0 0 0
0 0 0 0 0
0 0 0 0 0
0 0.607493 0.25715 0.0533876 0.0351211
0 0 0 0 0
0 0 0 0 0
0 0 0 0 0
0 0 0 0 0
0 0 0 0 0
0 0 0 0 0
0 0 0 0 0
0 0 0 0 0
0 0 0 0 0
0 0 0 0 0
0 0 0 0 0
0 0 0 0 0
0 0 0 0 0
0 0 0 0 0
0 0 0 0 0
0 0 0 0 0
0 0.183081 0.417484 0.120803 0.15275
0 0.0433098 0.687224 0.0820752 0.211042
0 0 0 0 0
0 0 0 0 0
0 0 0 0 0
0 0 0 0 0
0 0 0 0 0
0 0 0 0 0
0 0 0 0 0
0 0 0 0 0
0 0.0433512 0.676087 0.086596 0.209136
0 0 0 0 0
0 0 0 0 0
0 0 0 0 0
0 0 0 0 0
0 0.0410497 0.684667 0.0818096 0.192122
0 0 0 0 0
0 0 0 0 0
0 0 0 0 0
0 0 0 0 0
0 0 0 0 0
0 0 0 0 0
0 0 0 0 0
0 0.0471435 0.683353 0.0940735 0.210987
0 0 0 0 0
0 0 0 0 0
0 0 0 0 0
0 0 0 0 0
0 0.0472343 0.68248 0.0942772 0.225252
0 0.0467992 0.681293 0.0934302 0.234228
0 0 0 0 0
0 0.0459267 0.680474 0.0917206 0.232897
0 0 0 0 0
0 0.0477582 0.684518 0.0953513 0.228129
0 0.047399 0.682422 0.0946257 0.226722
0 0 0 0 0
0 0.0475458 0.681563 0.0948898 0.224565
0 0 0 0 0
0 0.0462342 0.677567 0.0922573 0.219766
0 0 0 0 0
0 0 0 0 0
0 0 0 0 0
0 0.0451479 0.67948 0.0901024 0.223406
0 0.0427106 0.697063 0.0851718 0.205735
0 0 0 0 0
0 0 0 0 0
0 0 0 0 0
0 0 0 0 0
0 0 0 0 0
0 0 0 0 0
0 0 0 0 0
0 0 0 0 0
0 0 0 0 0
0 0.0430035 0.693839 0.0855555 0.198579
0 0 0 0 0
0 0 0 0 0
0 0 0 0 0
0 0 0 0 0
0 0 0 0 0
0 0 0 0 0
0 0.044494 0.69359 0.088548 0.190117
0 0 0 0 0
0 0.0434267 0.690447 0.0863332 0.192926
0 0 0 0 0
0 0.0620119 0.688133 0.102263 0.19586
0 0.0941799 0.670062 0.143831 0.162153
0 0.154021 0.679204 0.160402 0.180174
0 0.255267 0.671697 0.157427 0.172109
0 0.332426 0.658702 0.166424 0.172593
0 0.429273 0.635846 0.16868 0.165003
0 0.523876 0.610823 0.147979 0.173744
0 0.592721 0.587294 0.165484 0.159952
0 0.680326 0.584535 0.159861 0.183274
0 0.762035 0.565047 0.142676 0.161389
0 0.825619 0.577715 0.168377 0.1588
0 0.924479 0.587606 0.149883 0.176187
0 0.955397 0.619163 0.0892067 0.210408
0 0.837383 0.284057 0.0389688 0.0571754
0 0.822538 0.274246 0.0621176 0.03641
0 0.818262 0.273494 0.0670885 0.0373122
0 0 0 0 0
0 0 0 0 0
0 0 0 0 0
0 0 0 0 0
0 0 0 0 0
0 0 0 0 0
0 0 0 0 0
0 0.670382 0.213244 0.0371675 0.0329383
0 0.669421 0.208412 0.0381558 0.0305068
0 0 0 0 0
0 0 0 0 0
0 0 0 0 0
0 0 0 0 0
0 0 0 0 0
0 0 0 0 0
0 0 0 0 0
0 0 0 0 0
0 0.811739 0.196424 0.0262064 0.0298448
0 0 0 0 0
0 0 0 0 0
0 0 0 0 0
0 0.81238 0.199284 0.0271851 0.0287719
0 0 0 0 0
0 0 0 0 0
0 0 0 0 0
0 0 0 0 0
0 0.812065 0.198368 0.0293863 0.0291422
0 0 0 0 0
0 0.604206 0.258516 0.0489227 0.0370213
0 0 0 0 0
0 0 0 0 0
0 0.607074 0.256711 0.0538533 0.0338605
0 0 0 0 0
0 0 0 0 0
0 0 0 0 0
0 0 0 0 0
0 0 0 0 0
0 0 0 0 0
0 0 0 0 0
0 0 0 0 0
0 0 0 0 0
0 0.870723 0.304008 0.0590302 0.0380754
0 0.863707 0.301279 0.0544315 0.0417433
0 0 0 0 0
0 0 0 0 0
0 0.18635 0.414372 0.118499 0.1484
0 0 0 0 0
0 0 0 0 0
0 0 0 0 0
0 0.60644 0.255082 0.051996 0.0354127
0 0 0 0 0
0 0.679048 0.212471 0.0314517 0.0307552
0 0 0 0 0
0 0.672691 0.204931 0.0365221 0.0261852
0 0 0 0 0
0 0 0 0 0
0 0 0 0 0
0 0 0 0 0
0 0 0 0 0
0 0 0 0 0
0 0.601945 0.256572 0.0448971 0.0373418
0 0.60476 0.254768 0.0526035 0.0403047
0 0.605363 0.253824 0.0516459 0.0404117
0 0 0 0 0
0 0.605714 0.254655 0.0526651 0.0397184
0 0 0 0 0
0 0.604129 0.255228 0.0512711 0.0370502
0 0.601672 0.256042 0.0451947 0.0395477
0 0 0 0 0
0 0.605498 0.255396 0.0537626 0.0381711
0 0.603643 0.257897 0.0502392 0.0370619
0 0.603382 0.258378 0.049955 0.0364714
0 0.601959 0.257633 0.0459406 0.0388436
0 0 0 0 0
0 0 0 0 0
0 0 0 0 0
0 0 0 0 0
0 0 0 0 0
0 0 0 0 0
0 0.672686 0.227134 0.0274337 0.0408746
0 0 0 0 0
0 0 0 0 0
0 0.602635 0.258191 0.0472647 0.0362388
0 0 0 0 0
0 0 0 0 0
0 0 0 0 0
0 0 0 0 0
0 0 0 0 0
0 0 0 0 0
0 0.606779 0.255604 0.0472572 0.032654
0 0 0 0 0
0 0 0 0 0
0 0 0 0 0
0 0 0 0 0
0 0 0 0 0
0 0 0 0 0
0 0.605618 0.257432 0.0451157 0.0324863
0 0 0 0 0
0 0.798051 0.190784 0.0571675 0.0391236
0 0.799158 0.191338 0.0552706 0.0410282
0 0.187213 0.413965 0.118544 0.147766
0 0.186236 0.414865 0.119095 0.147476
0 0 0 0 0
0 0 0 0 0
0 0.1868 0.413888 0.118947 0.149109
0 0 0 0 0
0 0 0 0 0
0 0 0 0 0
0 0 0 0 0
0 0 0 0 0
0 0 0 0 0
0 0.792536 0.189639 0.0711863 0.0408224
0 0.791383 0.19046 0.0710251 0.0420358
0 0 0 0 0
0 0.788756 0.189977 0.0787499 0.043099
0 0 0 0 0
0 0 0 0 0
0 0 0 0 0
0 0.602901 0.257254 0.0466049 0.0412572
0 0 0 0 0
0 0 0 0 0
0 0.608009 0.256582 0.061126 0.0391234
0 0.606518 0.256596 0.056822 0.0398641
0 0.6063 0.255548 0.0548534 0.0381355
0 0.607068 0.256828 0.0548906 0.0352275
0 0.606644 0.255552 0.0565204 0.0418365
0 0.605479 0.256529 0.0567867 0.0411457
0 0.604962 0.255156 0.0553675 0.0420587
0 0.604379 0.255122 0.0540694 0.0417558
0 0.605835 0.254955 0.0559942 0.042736
0 0.603677 0.256466 0.0538177 0.0438005
0 0.604336 0.256075 0.0543772 0.0410978
0 0.602389 0.255208 0.0528032 0.0425603
0 0.602884 0.2563 0.0527767 0.0394408
0 0.604278 0.256572 0.0526287 0.0413673
0 0.603486 0.257542 0.051689 0.0396634
0 0.600767 0.255611 0.0506536 0.040137
0 0.60301 0.25445 0.0466488 0.0358979
0 0 0 0 0
0 0.600807 0.256248 0.0470543 0.0383683
0 0.601642 0.254684 0.0489597 0.0420018
0 0.60163 0.255554 0.0487614 0.0406434
0 0.604406 0.255756 0.0524236 0.0364541
0 0.67695 0.202171 0.0298718 0.0296912
0 0.602457 0.255626 0.049453 0.0398271
0 0.602836 0.254885 0.0519775 0.0417883
0 0.603267 0.256131 0.0500561 0.0387762
0 0.669516 0.211655 0.0413205 0.0393582
0 0.601049 0.255536 0.044929 0.0385049
0 0.600437 0.258668 0.0448482 0.0392458
0 0 0 0 0
0 0.59953 0.25918 0.044766 0.039635
0 0.604841 0.256338 0.055113 0.0413904
0 0.674658 0.198889 0.0355305 0.0331106
0 0.602243 0.257235 0.0490827 0.0427293
0 0.601252 0.256994 0.0478714 0.0407289
0 0.602751 0.256949 0.0503288 0.0400644
0 0.602068 0.25594 0.0482033 0.0390858
0 0.602109 0.256416 0.0489437 0.0419548
0 0.601319 0.255636 0.0493227 0.0409835
0 0 0 0 0
0 0.603258 0.25794 0.051865 0.0411379
0 0.600628 0.260008 0.0449099 0.0413402
0 0.599626 0.259069 0.0437088 0.0400125
0 0.600496 0.257543 0.0457956 0.0390066
0 0.600416 0.259393 0.0466562 0.036242
0 0 0 0 0
0 0.602509 0.259354 0.0499125 0.0391373
0 0 0 0 0
0 0.602813 0.263209 0.0477118 0.038333
0 0 0 0 0
0 0 0 0 0
0 0 0 0 0
0 0 0 0 0
0 0.600917 0.259434 0.0448505 0.0322913
0 0.602381 0.256238 0.0426765 0.0390081
0 0.602352 0.258654 0.0458361 0.0381901
0 0 0 0 0
0 0 0 0 0
0 0 0 0 0
0 0.807842 0.192964 0.0339763 0.0328305
0 0 0 0 0
0 0 0 0 0
0 0.604169 0.256375 0.0522902 0.0335875
0 0.605526 0.256264 0.0529706 0.0374193
0 0.605087 0.255884 0.0488895 0.0347555
0 0.602216 0.257726 0.0457657 0.0340931
0 0 0 0 0
0 0 0 0 0
0 0 0 0 0
0 0 0 0 0
0 0 0 0 0
0 0.669276 0.213117 0.0352885 0.0334998
0 0.599531 0.258291 0.0409501 0.0356637
0 0 0 0 0
0 0 0 0 0
0 0.629663 0.216319 0.0329966 0.0405518
0 0.634347 0.214921 0.0240775 0.0445215
0 0.634792 0.210717 0.0255709 0.0518438
0 0 0 0 0
0 0 0 0 0
0 0.689581 0.21857 0.0415028 0.0335347
0 0 0 0 0
0 0 0 0 0
0 0 0 0 0
0 0 0 0 0
0 0.602414 0.258565 0.0470094 0.0400628
0 0.603836 0.257718 0.0497313 0.0380223
0 0 0 0 0
0 0 0 0 0
0 0 0 0 0
0 0 0 0 0
0 0 0 0 0
0 0 0 0 0
0 0 0 0 0
0 0 0 0 0
0 0.864015 0.297495 0.0421165 0.0532037
0 0 0 0 0
0 0.838462 0.291659 0.0226688 0.0636366
0 0 0 0 0
0 0 0 0 0
0 0 0 0 0
0 0 0 0 0
0 0 0 0 0
0 0.618053 0.215154 0.0366529 0.0368207
0 0 0 0 0
0 0 0 0 0
0 0 0 0 0
0 0 0 0 0
0 0 0 0 0
0 0 0 0 0
0 0 0 0 0
0 0 0 0 0
0 0 0 0 0
0 0.655867 0.198492 0.0365915 0.0271909
0 0 0 0 0
0 0 0 0 0
0 0.807129 0.191799 0.0348543 0.0298941
0 0 0 0 0
0 0 0 0 0
0 0 0 0 0
0 0 0 0 0
0 0 0 0 0
0 0.812682 0.195492 0.0300932 0.0348355
0 0 0 0 0
0 0 0 0 0
0 0 0 0 0
0 0.617007 0.219578 0.0315634 0.0453127
0 0 0 0 0
0 0.602773 0.258233 0.047224 0.0371457
0 0.603289 0.258764 0.0485464 0.0351956
0 0.603008 0.259361 0.048832 0.0333421
0 0.601821 0.258811 0.0461197 0.0352773
0 0.605379 0.256309 0.0530821 0.0358054
0 0 0 0 0
0 0 0 0 0
0 0 0 0 0
0 0.605975 0.256311 0.0469072 0.0309276
0 0 0 0 0
0 0.624445 0.211046 0.0321146 0.0397084
0 0 0 0 0
0 0 0 0 0
0 0.812989 0.195465 0.0323333 0.0323859
0 0.603623 0.258588 0.0498441 0.0369142
0 0 0 0 0
0 0.60255 0.258534 0.0475688 0.0377904
0 0 0 0 0
0 0 0 0 0
0 0 0 0 0
0 0 0 0 0
0 0 0 0 0
0 0 0 0 0
0 0 0 0 0
0 0 0 0 0
0 0 0 0 0
0 0 0 0 0
0 0 0 0 0
0 0 0 0 0
0 0 0 0 0
0 0 0 0 0
0 0 0 0 0
0 0 0 0 0
0 0 0 0 0
0 0 0 0 0
0 0 0 0 0
0 0 0 0 0
0 0 0 0 0
0 0 0 0 0
0 0 0 0 0
0 0 0 0 0
0 0 0 0 0
0 0 0 0 0
0 0 0 0 0
0 0 0 0 0
0 0 0 0 0
0 0 0 0 0
0 0 0 0 0
0 0 0 0 0
0 0 0 0 0
0 0 0 0 0
0 0 0 0 0
0 0 0 0 0
0 0 0 0 0
0 0 0 0 0
0 0 0 0 0
0 0 0 0 0
0 0 0 0 0
0 0 0 0 0
0 0 0 0 0
0 0 0 0 0
0 0 0 0 0
0 0 0 0 0
0 0 0 0 0
0 0 0 0 0
0 0 0 0 0
0 0 0 0 0
0 0 0 0 0
0 0 0 0 0
0 0.60303 0.256468 0.0467268 0.039872
0 0 0 0 0
0 0 0 0 0
0 0 0 0 0
0 0 0 0 0
0 0.603049 0.261739 0.0467276 0.0394286
0 0 0 0 0
0 0 0 0 0
0 0 0 0 0
0 0 0 0 0
0 0 0 0 0
0 0 0 0 0
0 0.603223 0.259213 0.0477274 0.0351911
0 0 0 0 0
0 0 0 0 0
0 0 0 0 0
0 0 0 0 0
0 0 0 0 0
0 0 0 0 0
0 0 0 0 0
0 0 0 0 0
0 0 0 0 0
0 0.606788 0.255844 0.0461671 0.0325469
0 0 0 0 0
0 0 0 0 0
0 0.602605 0.259073 0.045612 0.0360168
0 0 0 0 0
0 0 0 0 0
0 0 0 0 0
0 0 0 0 0
0 0 0 0 0
0 0 0 0 0
0 0 0 0 0
0 0 0 0 0
0 0 0 0 0
0 0 0 0 0
0 0 0 0 0
0 0 0 0 0
0 0 0 0 0
0 0 0 0 0
0 0 0 0 0
0 0 0 0 0
0 0 0 0 0
0 0 0 0 0
0 0 0 0 0
0 0 0 0 0
0 0 0 0 0
0 0 0 0 0
0 0 0 0 0
0 0 0 0 0
0 0 0 0 0
0 0 0 0 0
0 0 0 0 0
0 0 0 0 0
0 0 0 0 0
0 0 0 0 0
0 0 0 0 0
0 0 0 0 0
0 0 0 0 0
0 0 0 0 0
0 0 0 0 0
0 0 0 0 0
0 0 0 0 0
0 0 0 0 0
0 0 0 0 0
0 0 0 0 0
0 0 0 0 0
0 0.603048 0.259726 0.0490854 0.0366287
0 0.639017 0.208955 0.035194 0.0403669
0 0 0 0 0
0 0.635998 0.210656 0.0321253 0.0448749
0 0 0 0 0
0 0.60596 0.257109 0.0454 0.0312575
0 0 0 0 0
0 0 0 0 0
0 0 0 0 0
0 0 0 0 0
0 0 0 0 0
0 0 0 0 0
0 0 0 0 0
0 0 0 0 0
0 0.639504 0.209735 0.0313076 0.0440755
0 0 0 0 0
0 0 0 0 0
0 0 0 0 0
0 0 0 0 0
0 0 0 0 0
0 0 0 0 0
0 0 0 0 0
0 0 0 0 0
0 0 0 0 0
0 0 0 0 0
0 0.605841 0.255838 0.0455175 0.0316579
0 0 0 0 0
0 0 0 0 0
0 0 0 0 0
0 0 0 0 0
0 0 0 0 0
0 0 0 0 0
0 0 0 0 0
0 0 0 0 0
0 0 0 0 0
0 0 0 0 0
0 0 0 0 0
0 0 0 0 0
0 0 0 0 0
0 0 0 0 0
0 0 0 0 0
0 0 0 0 0
0 0 0 0 0
0 0 0 0 0
0 0 0 0 0
0 0 0 0 0
0 0 0 0 0
0 0 0 0 0
0 0 0 0 0
0 0 0 0 0
0 0.636145 0.212352 0.0318963 0.0481357
0 0 0 0 0
0 0 0 0 0
0 0 0 0 0
0 0 0 0 0
0 0 0 0 0
0 0 0 0 0
0 0 0 0 0
0 0.636855 0.210025 0.0304628 0.0438017
0 0 0 0 0
0 0 0 0 0
0 0 0 0 0
0 0 0 0 0
0 0 0 0 0
0 0 0 0 0
0 0 0 0 0
0 0 0 0 0
0 0 0 0 0
0 0 0 0 0
0 0 0 0 0
0 0 0 0 0
0 0 0 0 0
0 0 0 0 0
0 0 0 0 0
0 0 0 0 0
0 0 0 0 0
0 0 0 0 0
0 0 0 0 0
0 0.826451 0.293544 0.0406071 0.0375967
0 0 0 0 0
0 0 0 0 0
0 0 0 0 0
0 0 0 0 0
0 0 0 0 0
0 0 0 0 0
0 0 0 0 0
0 0 0 0 0
0 0 0 0 0
0 0 0 0 0
0 0 0 0 0
0 0 0 0 0
0 0 0 0 0
0 0 0 0 0
0 0 0 0 0
0 0 0 0 0
0 0 0 0 0
0 0 0 0 0
0 0 0 0 0
0 0 0 0 0
0 0 0 0 0
0 0 0 0 0
0 0 0 0 0
0 0 0 0 0
0 0 0 0 0
0 0 0 0 0
0 0 0 0 0
0 0.644416 0.213537 0.0309347 0.0427856
0 0 0 0 0
0 0 0 0 0
0 0 0 0 0
0 0.64655 0.222975 0.0361395 0.0400539
0 0 0 0 0
0 0 0 0 0
0 0 0 0 0
0 0 0 0 0
0 0 0 0 0
0 0 0 0 0
0 0 0 0 0
0 0 0 0 0
0 0 0 0 0
0 0 0 0 0
0 0 0 0 0
0 0 0 0 0
0 0 0 0 0
0 0 0 0 0
0 0 0 0 0
0 0 0 0 0
0 0 0 0 0
0 0 0 0 0
0 0 0 0 0
0 0 0 0 0
0 0 0 0 0
0 0 0 0 0
0 0 0 0 0
0 0 0 0 0
0 0 0 0 0
0 0 0 0 0
0 0 0 0 0
0 0 0 0 0
0 0 0 0 0
0 0 0 0 0
0 0 0 0 0
0 0 0 0 0
0 0 0 0 0
0 0 0 0 0
0 0 0 0 0
0 0 0 0 0
0 0 0 0 0
0 0 0 0 0
0 0 0 0 0
0 0 0 0 0
0 0 0 0 0
0 0 0 0 0
0 0 0 0 0
0 0.673464 0.204376 0.0311614 0.0307418
0 0.672355 0.205352 0.0303996 0.0327577
0 0.672453 0.204826 0.030641 0.0322397
0 0 0 0 0
0 0 0 0 0
0 0 0 0 0
0 0 0 0 0
0 0 0 0 0
0 0 0 0 0
0 0 0 0 0
0 0 0 0 0
0 0 0 0 0
0 0.734114 0.254731 0.0389257 0.0470032
0 0 0 0 0
0 0 0 0 0
0 0 0 0 0
0 0 0 0 0
0 0 0 0 0
0 0 0 0 0
0 0 0 0 0
0 0 0 0 0
0 0 0 0 0
0 0 0 0 0
0 0 0 0 0
0 0 0 0 0
0 0 0 0 0
0 0 0 0 0
0 0 0 0 0
0 0 0 0 0
0 0 0 0 0
0 0 0 0 0
0 0 0 0 0
0 0 0 0 0
0 0 0 0 0
0 0 0 0 0
0 0 0 0 0
0 0 0 0 0
0 0 0 0 0
0 0 0 0 0
0 0 0 0 0
0 0 0 0 0
0 0 0 0 0
0 0 0 0 0
0 0 0 0 0
0 0 0 0 0
0 0 0 0 0
0 0 0 0 0
0 0 0 0 0
0 0 0 0 0
0 0 0 0 0
0 0 0 0 0
0 0.677037 0.221519 0.0293781 0.0461834
0 0 0 0 0
0 0 0 0 0
0 0 0 0 0
0 0 0 0 0
0 0 0 0 0
0 0 0 0 0
0 0 0 0 0
0 0 0 0 0
0 0 0 0 0
0 0 0 0 0
0 0.680557 0.209295 0.0261111 0.0380646
0 0 0 0 0
0 0 0 0 0
0 0 0 0 0
0 0 0 0 0
0 0 0 0 0
0 0 0 0 0
0 0 0 0 0
0 0 0 0 0
0 0 0 0 0
0 0 0 0 0
0 0 0 0 0
0 0 0 0 0
0 0 0 0 0
0 0 0 0 0
0 0 0 0 0
0 0 0 0 0
0 0 0 0 0
0 0 0 0 0
0 0 0 0 0
0 0 0 0 0
0 0 0 0 0
0 0 0 0 0
0 0 0 0 0
0 0.602397 0.257118 0.0462391 0.041861
0 0 0 0 0
0 0 0 0 0
0 0 0 0 0
0 0 0 0 0
0 0 0 0 0
0 0.603701 0.258644 0.0483116 0.038865
0 0.603551 0.258529 0.0497413 0.0386413
0 0 0 0 0
0 0 0 0 0
0 0 0 0 0
0 0 0 0 0
0 0 0 0 0
0 0.605828 0.256645 0.0539967 0.0378197
0 0.605186 0.258744 0.0521996 0.0389228
0 0.604795 0.258824 0.0524955 0.0387276
0 0.605695 0.258799 0.0540431 0.0349366
0 0 0 0 0
0 0 0 0 0
0 0 0 0 0
0 0 0 0 0
0 0.604358 0.258683 0.0516413 0.0358413
0 0.60525 0.259745 0.0533723 0.0369002
0 0.605135 0.25981 0.0528133 0.0357695
0 0 0 0 0
0 0.604173 0.257542 0.0508318 0.0395266
0 0 0 0 0
0 0.604993 0.259062 0.0523937 0.036979
0 0.605039 0.258378 0.0523527 0.0396286
0 0.605459 0.257878 0.0510147 0.0381321
0 0 0 0 0
0 0.603031 0.257919 0.0469488 0.041476
0 0.605668 0.256439 0.0538312 0.0389372
0 0 0 0 0
0 0.603291 0.258173 0.0487251 0.0418548
0 0 0 0 0
0 0 0 0 0
0 0 0 0 0
0 0 0 0 0
0 0.60469 0.259009 0.0513973 0.0368115
0 0 0 0 0
0 0 0 0 0
0 0 0 0 0
0 0 0 0 0
0 0 0 0 0
0 0 0 0 0
0 0 0 0 0
0 0 0 0 0
0 0 0 0 0
0 0 0 0 0
0 0 0 0 0
0 0 0 0 0
0 0 0 0 0
0 0 0 0 0
0 0 0 0 0
0 0 0 0 0
0 0 0 0 0
0 0 0 0 0
0 0 0 0 0
0 0 0 0 0
0 0 0 0 0
0 0 0 0 0
0 0 0 0 0
0 0 0 0 0
0 0 0 0 0
0 0 0 0 0
0 0 0 0 0
0 0 0 0 0
0 0 0 0 0
0 0 0 0 0
0 0 0 0 0
0 0 0 0 0
0 0.604423 0.258817 0.0485592 0.0370289
0 0.602925 0.257867 0.0452414 0.0416449
0 0 0 0 0
0 0.606115 0.258915 0.0527427 0.0375462
0 0 0 0 0
0 0 0 0 0
0 0 0 0 0
0 0 0 0 0
0 0 0 0 0
0 0 0 0 0
0 0 0 0 0
0 0 0 0 0
0 0 0 0 0
0 0 0 0 0
0 0 0 0 0
0 0 0 0 0
0 0.669015 0.210384 0.0277021 0.0294714
0 0.636067 0.209484 0.0402788 0.0427414
0 0 0 0 0
0 0 0 0 0
0 0 0 0 0
0 0.603402 0.260124 0.0475262 0.036536
0 0 0 0 0
0 0 0 0 0
0 0 0 0 0
0 0.821223 0.19276 0.0467028 0.0403205
0 0 0 0 0
0 0 0 0 0
0 0 0 0 0
0 0 0 0 0
0 0 0 0 0
0 0 0 0 0
0 0 0 0 0
0 0 0 0 0
0 0 0 0 0
0 0 0 0 0
0 0.604625 0.259864 0.051311 0.0393785
0 0 0 0 0
0 0 0 0 0
0 0 0 0 0
0 0.60844 0.256775 0.0590557 0.0383914
0 0.605368 0.258885 0.0521053 0.036887
0 0.605916 0.258166 0.0550383 0.0364984
0 0 0 0 0
0 0.603685 0.258077 0.0491236 0.0406754
0 0.603356 0.257941 0.048004 0.042718
0 0 0 0 0
0 0.604333 0.257776 0.0481871 0.0398295
0 0.60555 0.256605 0.0518101 0.0391622
0 0.604656 0.257885 0.0507309 0.0398764
0 0.604386 0.259509 0.050827 0.0397882
0 0.606124 0.257754 0.0535181 0.0356926
0 0.606686 0.257083 0.0530039 0.0375838
0 0.603385 0.258064 0.0470678 0.03929
0 0.606988 0.259362 0.055302 0.0374135
0 0.605562 0.258777 0.0528918 0.0344553
0 0 0 0 0
0 0.606076 0.258194 0.0507674 0.0374567
0 0.604532 0.25731 0.0504904 0.038498
0 0.604019 0.258542 0.0488974 0.0371491
0 0 0 0 0
0 0 0 0 0
0 0.604604 0.25884 0.0503496 0.0366769
0 0.606329 0.257246 0.0542677 0.0398429
0 0.606209 0.258938 0.0550501 0.0350514
0 0.60626 0.257798 0.0554209 0.0350482
0 0.606288 0.258713 0.0540842 0.0338921
0 0.606616 0.258788 0.0563604 0.0395091
0 0.607622 0.258401 0.0555683 0.0373095
0 0.604268 0.259023 0.0504379 0.0373227
0 0.607086 0.257258 0.052881 0.0357255
0 0.60781 0.257198 0.0546592 0.0360479
0 0.606151 0.257617 0.0541744 0.035773
0 0.606661 0.257982 0.0551779 0.0371075
0 0.606157 0.256073 0.0541771 0.036794
0 0.606096 0.256512 0.0534706 0.037315
0 0.603598 0.257162 0.0466272 0.0339734
0 0.607335 0.25841 0.0547325 0.0337082
0 0.606064 0.256718 0.0538489 0.0387737
0 0.605835 0.257253 0.0539099 0.0383181
0 0.605224 0.255834 0.05184 0.0363835
0 0.60602 0.257583 0.0534673 0.035478
0 0.605459 0.256319 0.0524359 0.0399773
0 0.605067 0.256024 0.0522611 0.0391792
0 0.606021 0.257533 0.0543587 0.0380506
0 0.606072 0.25617 0.054044 0.037505
0 0.60573 0.25813 0.0532982 0.0373746
0 0.606125 0.258933 0.0546436 0.0377868
0 0.606048 0.258051 0.0551603 0.0366167
0 0.603897 0.256593 0.0485043 0.0404389
0 0 0 0 0
0 0 0 0 0
0 0.603543 0.257697 0.0485168 0.0396665
0 0.607039 0.257156 0.0566505 0.0371423
0 0.606598 0.259496 0.0556997 0.0353974
0 0 0 0 0
0 0.605818 0.260097 0.0530844 0.0366335
0 0 0 0 0
0 0 0 0 0
0 0 0 0 0
0 0.603395 0.260765 0.0496077 0.0388957
0 0.601499 0.260418 0.0445848 0.0388995
0 0 0 0 0
0 0 0 0 0
0 0 0 0 0
0 0 0 0 0
0 0.603213 0.260658 0.0450198 0.041742
0 0 0 0 0
0 0 0 0 0
0 0 0 0 0
0 0.600885 0.260937 0.0449389 0.037172
0 0.633056 0.21398 0.0273228 0.041286
0 0.607961 0.253056 0.0559591 0.0570124
0 0.605789 0.262705 0.0524099 0.036632
0 0.606997 0.259609 0.0565794 0.0387881
0 0.60634 0.260353 0.0560864 0.0337343
0 0.606312 0.257569 0.0513713 0.0354087
0 0.607404 0.256486 0.0553854 0.0351929
0 0.602151 0.258828 0.0443427 0.034579
0 0.675546 0.1982 0.0367884 0.027224
0 0.606279 0.258727 0.0486633 0.0359727
0 0 0 0 0
0 0 0 0 0
0 0 0 0 0
0 0 0 0 0
0 0.604139 0.255951 0.0450977 0.0398834
0 0 0 0 0
0 0.199169 0.411781 0.0991369 0.14956
0 0 0 0 0
0 0 0 0 0
0 0 0 0 0
0 0 0 0 0
0 0 0 0 0
0 0 0 0 0
0 0 0 0 0
0 0.198145 0.411271 0.0994434 0.15031
0 0 0 0 0
0 0 0 0 0
0 0.197826 0.410818 0.0971702 0.149457
0 0 0 0 0
0 0 0 0 0
0 0.603413 0.255799 0.0460874 0.0389318
0 0 0 0 0
0 0 0 0 0
0 0.197579 0.411465 0.0993993 0.153483
0 0.608151 0.257075 0.0570099 0.0366585
0 0.197826 0.411898 0.0965415 0.149817
0 0.607024 0.258219 0.0570908 0.0320209
0 0.602708 0.257724 0.0466999 0.0349867
0 0 0 0 0
0 0.197998 0.411863 0.0981668 0.15314
0 0 0 0 0
0 0.196898 0.413737 0.100715 0.15182
0 0 0 0 0
0 0 0 0 0
0 0.198164 0.412364 0.0976597 0.151011
0 0 0 0 0
0 0 0 0 0
0 0.607602 0.257053 0.055346 0.0378508
0 0.607252 0.255729 0.0524456 0.0360641
0 0 0 0 0
0 0 0 0 0
0 0.604909 0.258187 0.0518164 0.0347569
0 0 0 0 0
0 0 0 0 0
0 0 0 0 0
0 0 0 0 0
0 0 0 0 0
0 0 0 0 0
0 0 0 0 0
0 0 0 0 0
0 0.602571 0.256579 0.0462255 0.041759
0 0 0 0 0
0 0 0 0 0
0 0.670707 0.223648 0.0362092 0.0298836
0 0 0 0 0
0 0 0 0 0
0 0.198339 0.411881 0.0970532 0.151111
0 0.197782 0.412021 0.0975871 0.14991
0 0.6084 0.259227 0.0563481 0.0330691
0 0.607446 0.256282 0.0562302 0.0356443
0 0.608032 0.256873 0.0571953 0.0336001
0 0 0 0 0
0 0.604828 0.25565 0.0486181 0.0403098
0 0.198321 0.411075 0.0958924 0.148133
0 0 0 0 0
0 0.607135 0.256445 0.0491526 0.0344346
0 0.60443 0.257029 0.0506334 0.0398535
0 0 0 0 0
0 0 0 0 0
0 0.607507 0.255313 0.0524157 0.0342111
0 0.603167 0.257914 0.0482637 0.0374121
0 0.607619 0.256555 0.057995 0.0363294
0 0.683263 0.226275 0.0269312 0.0586579
0 0.665748 0.219737 0.0316845 0.0459928
0 0.665535 0.210801 0.0363497 0.0406128
0 0.669993 0.208083 0.0411705 0.0427442
0 0 0 0 0
0 0.601871 0.257965 0.046307 0.0411983
0 0.604343 0.256879 0.045887 0.033137
0 0.603491 0.257821 0.0467346 0.0338427
0 0.604097 0.258669 0.0510358 0.0391766
0 0.605472 0.256063 0.049485 0.0322195
0 0.607823 0.257648 0.0551089 0.0373338
0 0 0 0 0
0 0.604981 0.258343 0.050972 0.0403951
0 0.604742 0.256577 0.0524794 0.0369295
0 0.606791 0.256661 0.0487665 0.0337495
0 0.605759 0.258346 0.050318 0.0347011
0 0.607238 0.254904 0.0467168 0.0330361
0 0.60679 0.25736 0.0544792 0.0335388
0 0.607531 0.255781 0.0459312 0.0322922
0 0.68419 0.207043 0.0257437 0.0348529
0 0 0 0 0
0 0.684471 0.20845 0.0223736 0.0367583
0 0.671743 0.209646 0.0342871 0.0325541
0 0 0 0 0
0 0 0 0 0
0 0 0 0 0
0 0 0 0 0
0 0 0 0 0
0 0 0 0 0
0 0.604879 0.258762 0.0499825 0.0334316
0 0.606754 0.256522 0.056111 0.0346194
0 0 0 0 0
0 0.606775 0.256436 0.0518909 0.0341874
0 0.606536 0.25638 0.0566563 0.0367075
0 0.603796 0.258749 0.0521515 0.0357154
0 0.608157 0.257407 0.055626 0.0325195
0 0.605056 0.257102 0.0496732 0.0332897
0 0.605939 0.255563 0.0554716 0.034692
0 0.607229 0.256695 0.0512277 0.0343366
0 0.607765 0.257212 0.0518902 0.0322109
0 0 0 0 0
0 0.678945 0.196351 0.0309645 0.0281769
0 0.679884 0.197344 0.0265354 0.0272583
0 0 0 0 0
0 0.604341 0.258756 0.0504676 0.0375108
0 0.606616 0.258703 0.0559833 0.0390883
0 0.606234 0.261244 0.0557851 0.0366524
0 0.861798 0.302406 0.0471804 0.043191
0 0.606518 0.262973 0.0558558 0.0380625
0 0.606055 0.261327 0.0540745 0.0380888
0 0.608221 0.258893 0.0541553 0.0383638
0 0 0 0 0
0 0.606851 0.262205 0.0508549 0.0375604
0 0.602053 0.260232 0.0453868 0.0401627
0 0 0 0 0
0 0 0 0 0
0 0 0 0 0
0 0.605867 0.25955 0.0553189 0.0405507
0 0.600269 0.259154 0.0432535 0.0386512
0 0.605732 0.256769 0.0548683 0.0407041
0 0.605409 0.255498 0.052763 0.0407709
0 0.606439 0.259899 0.0562809 0.0380133
0 0.607134 0.258095 0.0529066 0.0367045
0 0.606501 0.258105 0.0546242 0.036041
0 0.606241 0.258034 0.057358 0.0379324
0 0.606974 0.257815 0.0563812 0.0366296
0 0.606012 0.259114 0.0551416 0.0392671
0 0 0 0 0
0 0 0 0 0
0 0 0 0 0
0 0 0 0 0
0 0 0 0 0
0 0.601709 0.259905 0.0481607 0.0393441
0 0 0 0 0
0 0 0 0 0
0 0 0 0 0
0 0.604707 0.261455 0.0479115 0.0453724
0 0.601784 0.263663 0.0426266 0.0414158
0 0 0 0 0
0 0.757807 0.258652 0.0338884 0.032293
0 0 0 0 0
0 0 0 0 0
0 0 0 0 0
0 0 0 0 0
0 0 0 0 0
0 0 0 0 0
0 0 0 0 0
0 0 0 0 0
0 0 0 0 0
0 0 0 0 0
0 0 0 0 0
0 0 0 0 0
0 0 0 0 0
0 0 0 0 0
0 0 0 0 0
0 0 0 0 0
0 0.655943 0.213634 0.0327087 0.0324821
0 0 0 0 0
0 0 0 0 0
0 0 0 0 0
0 0.604334 0.257521 0.0499275 0.0445825
0 0.608519 0.256136 0.047731 0.0354498
0 0 0 0 0
0 0.607409 0.256363 0.0509233 0.0382781
0 0.606208 0.259426 0.0549513 0.0424957
0 0.603862 0.262508 0.0531134 0.0363027
0 0 0 0 0
0 0 0 0 0
0 0 0 0 0
0 0 0 0 0
0 0.60322 0.261174 0.0478045 0.0340874
0 0.60475 0.259946 0.0491096 0.0365094
0 0.606182 0.2608 0.050024 0.0331136
0 0.603356 0.260613 0.0467113 0.0350844
0 0.638189 0.210108 0.0286686 0.0401159
0 0.606607 0.257115 0.048534 0.0330515
0 0.606574 0.258564 0.0565123 0.0335634
0 0.608276 0.258222 0.0563244 0.0331226
0 0.607675 0.260672 0.0573551 0.0316594
0 0.606187 0.259921 0.0529539 0.0334581
0 0.607315 0.257649 0.0527909 0.0333873
0 0.605686 0.256123 0.0528099 0.0365773
0 0.606498 0.259268 0.0527807 0.0312566
0 0.60753 0.258003 0.0479918 0.0322045
0 0.607016 0.260464 0.0560125 0.0313663
0 0.606867 0.260435 0.0542673 0.0319412
0 0.607007 0.259402 0.0545615 0.0320929
0 0.606798 0.260261 0.0538284 0.0301727
0 0.606125 0.258035 0.0491985 0.0333008
0 0.603962 0.26096 0.0505488 0.0367734
0 0.681351 0.201218 0.0234467 0.0255331
0 0.606477 0.259321 0.0569682 0.0344233
0 0.606043 0.257379 0.0483795 0.0331215
0 0.605757 0.258382 0.0559608 0.0366747
0 0.609001 0.257424 0.0485924 0.0321652
0 0 0 0 0
0 0.605222 0.257457 0.0514101 0.0342267
0 0 0 0 0
0 0.605851 0.25846 0.0499982 0.0347272
0 0.606415 0.257689 0.0555125 0.0367947
0 0 0 0 0
0 0 0 0 0
0 0 0 0 0
0 0 0 0 0
0 0 0 0 0
0 0.607003 0.258509 0.0581508 0.0392243
0 0 0 0 0
0 0.606367 0.259526 0.0553177 0.0394738
0 0 0 0 0
0 0 0 0 0
0 0 0 0 0
0 0 0 0 0
0 0 0 0 0
0 0 0 0 0
0 0 0 0 0
0 0 0 0 0
0 0 0 0 0
0 0 0 0 0
0 0 0 0 0
0 0 0 0 0
0 0 0 0 0
0 0 0 0 0
0 0 0 0 0
0 0 0 0 0
0 0 0 0 0
0 0 0 0 0
0 0 0 0 0
0 0 0 0 0
0 0 0 0 0
0 0 0 0 0
0 0 0 0 0
0 0 0 0 0
0 0 0 0 0
0 0 0 0 0
0 0 0 0 0
0 0 0 0 0
0 0 0 0 0
0 0 0 0 0
0 0 0 0 0
0 0 0 0 0
0 0 0 0 0
0 0 0 0 0
0 0 0 0 0
0 0 0 0 0
0 0 0 0 0
0 0 0 0 0
0 0.606353 0.255224 0.0498797 0.0365712
0 0.605522 0.257595 0.0533639 0.0383638
0 0 0 0 0
0 0 0 0 0
0 0.602867 0.259858 0.0503527 0.0368904
0 0 0 0 0
0 0 0 0 0
0 0 0 0 0
0 0 0 0 0
0 0 0 0 0
0 0.606526 0.25993 0.0561388 0.0319823
0 0.606446 0.260235 0.0555094 0.0342332
0 0 0 0 0
0 0 0 0 0
0 0 0 0 0
0 0 0 0 0
0 0 0 0 0
0 0 0 0 0
0 0 0 0 0
0 0 0 0 0
0 0 0 0 0
0 0.870605 0.300502 0.0608067 0.0439747
0 0 0 0 0
0 0.883472 0.301616 0.0389891 0.0646423
0 0 0 0 0
0 0.87084 0.295701 0.0533007 0.051866
0 0.860781 0.289183 0.0719528 0.045179
0 0 0 0 0
0 0 0 0 0
0 0 0 0 0
0 0.866717 0.289695 0.057655 0.0373978
0 0.856046 0.297845 0.0839254 0.0530419
0 0 0 0 0
0 0 0 0 0
0 0 0 0 0
0 0 0 0 0
0 0 0 0 0
0 0 0 0 0
0 0 0 0 0
0 0 0 0 0
0 0 0 0 0
0 0 0 0 0
0 0 0 0 0
0 0.608269 0.250001 0.0577131 0.0600345
0 0 0 0 0
0 0 0 0 0
0 0 0 0 0
0 0.608718 0.257479 0.0548449 0.0400456
0 0.606159 0.259003 0.0534172 0.0401676
0 0 0 0 0
0 0 0 0 0
0 0.604702 0.260786 0.0457954 0.0396414
0 0 0 0 0
0 0.60866 0.263133 0.0607668 0.0378391
0 0 0 0 0
0 0 0 0 0
0 0 0 0 0
0 0 0 0 0
0 0 0 0 0
0 0 0 0 0
0 0 0 0 0
0 0.606618 0.256621 0.0519652 0.0499546
0 0 0 0 0
