14 1 1 24 0.04
14 2 1 24 0.07692307692307693
14 3 1 24 0.1111111111111111
14 4 1 24 0.14285714285714285
14 5 1 24 0.1724137931034483
14 6 1 24 0.2
14 7 1 24 0.22580645161290322
14 8 1 24 0.25
14 9 1 24 0.2727272727272727
14 10 1 24 0.3235294117647059
14 11 1 24 0.37142857142857144
14 12 1 24 0.4166666666666667
14 13 1 24 0.4594594594594595
14 14 1 24 0.47368421052631576
14 15 1 24 0.48717948717948717
14 16 1 24 0.5
14 17 1 25 0.7073170731707317
14 18 1 24 0.5238095238095238
14 19 1 24 0.5348837209302325
14 20 1 24 0.5454545454545454
14 21 1 24 0.5555555555555556
14 22 1 24 0.5652173913043478
14 23 1 24 0.574468085106383
14 24 1 24 0.5833333333333334
14 25 1 24 0.5918367346938775
14 26 1 24 0.6
14 27 1 25 0.58
14 28 1 25 0.58
14 29 1 25 0.58
14 30 1 25 0.58
14 31 1 25 0.58
14 32 1 25 0.58
14 33 1 25 0.58
14 34 1 25 0.58
14 35 1 26 1.44
14 36 1 26 1.44
14 37 1 26 1.44
14 38 1 26 1.44
14 39 1 25 0.58
14 40 1 25 0.58
14 41 1 25 0.58
14 42 1 25 0.58
14 43 1 25 0.6
14 44 1 25 0.58
14 45 1 25 0.58
14 46 1 25 0.58
14 47 1 25 0.58
14 48 1 25 0.58
14 49 1 25 0.58
14 50 1 25 0.58
14 51 1 25 0.56
14 52 1 24 0.64
14 53 1 24 0.64
14 54 1 24 0.62
14 55 1 24 0.6
14 56 1 24 0.58
14 57 1 24 0.56
14 58 1 24 0.54
14 59 1 24 0.52
14 60 1 24 0.5
14 61 1 24 0.46
14 62 1 24 0.42
14 63 1 24 0.38
14 64 1 24 0.34
14 65 1 24 0.32
14 66 1 24 0.3
14 67 1 24 0.28
14 68 1 24 0.28
14 69 1 25 0.76
14 70 1 24 0.24
14 71 1 24 0.22
14 72 1 24 0.2
14 73 1 24 0.2
14 74 1 24 0.2
14 75 1 24 0.18
14 76 1 25 0.86
14 77 1 25 0.88
14 78 2 25 0.88
14 79 2 24 0.14
14 80 2 24 0.14
14 81 3 24 0.16
14 82 3 24 0.18
14 83 3 24 0.18
14 84 3 24 0.18
14 85 3 24 0.18
14 86 3 24 0.18
14 87 3 24 0.18
14 88 3 24 0.18
14 89 3 24 0.18
14 90 3 24 0.18
14 91 3 24 0.18
14 92 3 24 0.18
14 93 3 25 0.82
14 94 3 24 0.2
14 95 3 24 0.2
14 96 3 24 0.22
14 97 3 24 0.24
14 98 3 25 0.76
14 99 3 25 0.74
14 100 3 24 0.3
14 101 3 24 0.32
14 102 3 24 0.3
14 103 3 24 0.28
14 104 3 24 0.26
14 105 3 24 0.26
14 106 3 25 0.76
14 107 3 25 0.76
14 108 3 24 0.26
14 109 3 24 0.28
14 110 3 24 0.3
14 111 3 24 0.32
14 112 3 24 0.34
14 113 3 24 0.34
14 114 3 24 0.34
14 115 3 24 0.36
14 116 3 24 0.38
14 117 3 24 0.38
14 118 3 25 0.64
14 119 3 24 0.36
14 120 3 25 0.66
14 121 3 25 0.66
14 122 3 25 0.64
14 123 3 25 0.62
14 124 3 25 0.62
14 125 3 25 0.62
14 126 3 25 0.6
14 127 3 24 0.44
14 128 3 24 0.46
14 129 3 24 0.48
14 130 3 24 0.5
14 131 3 24 0.52
14 132 3 24 0.52
14 133 3 24 0.5
14 134 3 25 0.52
14 135 3 25 0.52
14 136 3 25 0.52
14 137 3 25 0.52
14 138 3 24 0.5
14 139 3 24 0.5
14 140 3 25 0.52
14 141 3 25 0.52
14 142 3 24 0.5
14 143 3 24 0.5
14 144 3 24 0.48
14 145 3 24 0.5
14 146 3 24 0.5
14 147 3 25 0.52
14 148 3 25 0.52
14 149 3 25 0.54
14 150 3 25 0.56
14 151 3 25 0.56
14 152 3 25 0.56
14 153 3 25 0.54
14 154 3 25 0.52
14 155 3 25 0.5
14 156 3 25 0.48
14 157 3 25 0.46
14 158 3 24 0.58
14 159 3 24 0.6
14 160 3 24 0.6
14 161 3 24 0.6
14 162 3 24 0.6
14 163 3 24 0.6
14 164 3 24 0.62
14 165 3 24 0.64
14 166 3 24 0.64
14 167 3 24 0.64
14 168 3 24 0.66
14 169 3 24 0.68
14 170 3 25 0.34
14 171 3 25 0.34
14 172 3 25 0.34
14 173 3 25 0.36
14 174 3 24 0.64
14 175 3 24 0.62
14 176 3 25 0.42
14 177 3 25 0.44
14 178 3 25 0.46
14 179 3 25 0.48
14 180 3 25 0.5
14 181 3 25 0.52
14 182 3 25 0.52
14 183 3 25 0.52
14 184 3 25 0.5
14 185 3 25 0.5
14 186 3 25 0.5
14 187 3 25 0.5
14 188 3 25 0.5
14 189 3 25 0.5
14 190 3 25 0.5
14 191 3 25 0.5
14 192 3 25 0.5
14 193 3 25 0.5
14 194 3 25 0.5
14 195 3 24 0.52
14 196 3 24 0.5
14 197 3 24 0.48
14 198 3 24 0.46
14 199 3 24 0.44
14 200 3 24 0.44
14 201 3 24 0.44
14 202 3 24 0.42
14 203 3 24 0.4
14 204 3 24 0.4
14 205 3 24 0.4
14 206 3 24 0.38
14 207 3 25 0.66
14 208 3 25 0.68
14 209 3 25 0.7
14 210 3 24 0.3
14 211 3 24 0.3
14 212 3 24 0.3
14 213 3 24 0.3
14 214 3 24 0.28
14 215 3 24 0.26
14 216 3 24 0.24
14 217 3 24 0.22
14 218 3 24 0.2
14 219 3 24 0.18
14 220 3 24 0.16
14 221 3 24 0.16
14 222 3 24 0.16
14 223 3 24 0.16
14 224 3 24 0.16
14 225 3 24 0.16
14 226 3 24 0.16
14 227 3 24 0.16
14 228 3 24 0.16
14 229 3 25 0.86
14 230 3 25 0.86
14 231 3 24 0.16
14 232 3 24 0.18
14 233 3 24 0.18
14 234 3 24 0.18
14 235 3 24 0.18
14 236 3 25 0.82
14 237 3 25 0.8
14 238 3 25 0.78
14 239 3 24 0.26
14 240 3 24 0.28
14 241 3 24 0.3
14 242 3 24 0.32
14 243 3 24 0.34
14 244 3 24 0.36
14 245 3 24 0.38
14 246 3 24 0.4
14 247 3 24 0.42
14 248 3 24 0.44
14 249 3 24 0.46
14 250 3 24 0.48
14 251 3 24 0.5
14 252 3 24 0.52
14 253 3 24 0.54
14 254 3 24 0.56
14 255 3 24 0.56
14 256 3 24 0.56
14 257 3 25 0.44
14 258 3 25 0.42
14 259 3 25 0.4
14 260 3 25 0.4
14 261 3 25 0.4
14 262 3 25 0.42
14 263 3 25 0.44
14 264 3 25 0.46
14 265 3 25 0.46
14 266 3 25 0.46
14 267 3 25 0.46
14 268 3 25 0.46
14 269 3 25 0.44
14 270 3 25 0.42
14 271 3 25 0.4
14 272 3 25 0.4
14 273 3 25 0.4
14 274 3 25 0.4
14 275 3 25 0.4
14 276 3 25 0.38
14 277 3 25 0.36
14 278 3 25 0.34
14 279 3 25 0.34
14 280 3 25 0.34
14 281 3 25 0.34
14 282 3 25 0.34
14 283 3 25 0.36
14 284 3 25 0.38
14 285 3 24 1.06
14 286 3 24 1.08
14 287 3 24 1.1
14 288 3 24 1.12
14 289 3 24 1.14
14 290 3 24 1.16
14 291 3 24 1.18
14 292 3 24 1.2
14 293 3 24 1.22
14 294 2 25 0.58
14 295 2 25 0.6
14 296 3 25 0.62
14 297 3 26 0.74
14 298 3 26 0.72
14 299 3 26 0.7
14 300 3 26 0.68
14 301 3 25 0.72
14 302 3 25 0.74
14 303 2 25 0.76
14 304 2 26 0.62
14 305 2 26 0.6
14 306 2 26 0.6
14 307 2 26 0.6
14 308 2 26 0.6
14 309 1 26 0.6
14 310 1 26 0.6
14 311 2 26 0.58
14 312 2 26 0.56
14 313 2 26 0.54
14 314 2 26 0.5
14 315 2 26 0.48
14 316 2 26 0.44
14 317 2 26 0.42
14 318 2 26 0.4
14 319 2 26 0.36
14 320 3 26 0.36
14 321 3 26 0.36
14 322 3 26 0.36
14 323 3 26 0.38
14 324 3 26 0.4
14 325 3 26 0.42
14 326 3 26 0.44
14 327 3 26 0.44
14 328 2 26 0.42
14 329 2 25 0.74
14 330 1 26 0.4
14 331 1 25 0.74
14 332 1 25 0.74
14 333 1 25 0.74
14 334 1 25 0.74
14 335 1 25 0.74
14 336 1 25 0.74
14 337 1 25 0.74
14 338 1 25 0.72
14 339 1 26 0.42
14 340 1 27 1.32
14 341 1 26 0.42
14 342 1 27 1.32
14 343 1 27 1.32
14 344 1 26 0.42
14 345 1 25 0.7
14 346 1 25 0.68
14 347 1 25 0.66
14 348 1 25 0.64
14 349 1 25 0.64
14 350 1 25 0.64
14 351 1 25 0.64
14 352 1 25 0.64
14 353 1 26 0.5
14 354 1 26 0.5
14 355 1 26 0.48
14 356 1 26 0.48
14 357 1 26 0.46
14 358 1 26 0.44
14 359 1 26 0.42
14 360 1 26 0.4
14 361 1 26 0.38
14 362 1 26 0.36
14 363 1 25 0.8
14 364 1 26 0.32
14 365 1 26 0.32
14 366 1 26 0.3
14 367 1 26 0.3
14 368 1 26 0.28
14 369 1 26 0.26
14 370 1 25 0.74
14 371 1 25 0.74
14 372 1 25 0.74
14 373 1 25 0.74
14 374 1 26 0.28
14 375 1 26 0.26
14 376 1 26 0.24
14 377 1 26 0.24
14 378 1 26 0.22
14 379 1 26 0.22
14 380 1 26 0.22
14 381 1 26 0.22
14 382 1 26 0.22
14 383 1 26 0.22
14 384 1 26 0.22
14 385 1 26 0.22
14 386 1 26 0.24
14 387 1 26 0.24
14 388 1 26 0.24
14 389 1 26 0.22
14 390 1 26 0.22
14 391 1 26 0.22
14 392 1 26 0.22
14 393 1 26 0.22
14 394 1 26 0.22
14 395 1 25 0.8
14 396 1 25 0.82
14 397 1 25 0.84
14 398 1 25 0.86
14 399 1 25 0.88
14 400 1 26 0.14
14 401 1 26 0.14
14 402 1 25 0.88
14 403 1 26 0.14
14 404 1 26 0.14
14 405 1 26 0.16
14 406 1 26 0.18
14 407 1 26 0.2
14 408 1 26 0.22
14 409 1 26 0.24
14 410 1 26 0.26
14 411 1 25 0.74
14 412 1 26 0.3
14 413 1 26 0.3
14 414 1 26 0.3
14 415 1 26 0.3
14 416 1 26 0.3
14 417 1 26 0.3
14 418 1 26 0.3
14 419 1 26 0.3
14 420 1 26 0.3
14 421 1 26 0.28
14 422 1 26 0.26
14 423 1 26 0.24
14 424 1 26 0.22
14 425 1 26 0.2
14 426 1 26 0.2
14 427 1 26 0.2
14 428 1 26 0.18
14 429 1 26 0.18
14 430 1 25 0.84
14 431 1 25 0.84
14 432 1 25 0.84
14 433 1 25 0.84
14 434 1 25 0.84
14 435 1 25 0.84
14 436 1 25 0.84
14 437 1 25 0.86
14 438 1 26 0.16
14 439 1 26 0.16
14 440 1 26 0.16
14 441 1 26 0.16
14 442 1 26 0.16
14 443 1 26 0.16
14 444 1 26 0.16
14 445 1 26 0.16
14 446 1 26 0.16
14 447 1 26 0.16
14 448 1 26 0.16
14 449 1 26 0.16
14 450 1 26 0.16
14 451 1 26 0.16
14 452 1 26 0.16
14 453 1 26 0.16
14 454 1 26 0.16
14 455 1 26 0.16
14 456 1 26 0.16
14 457 1 26 0.16
14 458 1 26 0.16
14 459 1 26 0.16
14 460 1 26 0.16
14 461 1 26 0.16
14 462 1 26 0.16
14 463 1 26 0.16
14 464 1 26 0.18
14 465 1 26 0.2
14 466 1 26 0.22
14 467 1 26 0.22
14 468 1 26 0.22
14 469 1 26 0.22
14 470 1 26 0.22
14 471 1 26 0.22
14 472 1 26 0.22
14 473 1 26 0.22
14 474 1 26 0.22
14 475 1 26 0.22
14 476 1 26 0.22
14 477 1 26 0.22
14 478 1 26 0.22
14 479 1 26 0.22
14 480 1 26 0.22
14 481 1 25 0.8
14 482 1 25 0.8
14 483 1 25 0.8
14 484 1 25 0.8
14 485 1 25 0.8
14 486 1 25 0.8
14 487 1 25 0.8
14 488 1 25 0.8
14 489 1 25 0.8
14 490 1 25 0.8
14 491 1 25 0.8
14 492 1 26 0.22
14 493 2 26 0.22
14 494 2 26 0.22
14 495 2 26 0.22
14 496 2 26 0.22
14 497 2 26 0.22
14 498 2 26 0.22
14 499 1 26 0.22
14 500 1 26 0.22
14 501 1 26 0.22
14 502 1 26 0.22
14 503 1 26 0.22
14 504 1 26 0.22
14 505 1 26 0.22
14 506 1 26 0.22
14 507 1 26 0.2
14 508 1 26 0.2
14 509 1 26 0.18
14 510 1 26 0.16
14 511 1 26 0.14
14 512 1 26 0.12
14 513 2 26 0.12
14 514 2 26 0.1
14 515 1 26 0.1
14 516 1 26 0.1
14 517 1 26 0.08
14 518 1 26 0.08
14 519 1 26 0.08
14 520 1 26 0.08
14 521 1 26 0.08
14 522 1 26 0.08
14 523 1 26 0.08
14 524 1 26 0.08
14 525 1 26 0.08
14 526 1 26 0.08
14 527 1 26 0.08
14 528 1 26 0.08
14 529 1 26 0.1
14 530 1 26 0.12
14 531 1 26 0.14
14 532 1 26 0.16
14 533 1 25 0.84
14 534 1 26 0.2
14 535 1 26 0.22
14 536 1 26 0.24
14 537 1 26 0.26
14 538 1 25 0.74
14 539 1 26 0.3
14 540 1 25 0.7
14 541 1 25 0.68
14 542 1 26 0.36
14 543 2 26 0.38
14 544 2 26 0.4
14 545 2 26 0.42
14 546 2 26 0.44
14 547 2 26 0.46
14 548 2 26 0.48
14 549 2 26 0.5
14 550 2 26 0.52
14 551 2 26 0.54
14 552 2 26 0.56
14 553 2 26 0.58
14 554 1 25 0.42
14 555 1 25 0.42
14 556 1 25 0.42
14 557 1 25 0.42
14 558 1 25 0.4
14 559 1 25 0.4
14 560 1 25 0.38
14 561 1 25 0.36
14 562 1 25 0.36
14 563 2 25 0.36
14 564 2 25 0.38
14 565 2 25 0.38
14 566 2 25 0.38
14 567 2 25 0.38
14 568 2 25 0.38
14 569 2 25 0.38
14 570 2 25 0.4
14 571 2 25 0.4
14 572 2 25 0.4
14 573 2 25 0.4
14 574 2 25 0.42
14 575 2 25 0.44
14 576 2 25 0.44
14 577 2 25 0.42
14 578 2 25 0.42
14 579 2 25 0.42
14 580 2 26 0.7
14 581 2 26 0.68
14 582 2 26 0.66
14 583 2 25 0.5
14 584 2 25 0.52
14 585 2 25 0.54
14 586 2 25 0.56
14 587 2 26 0.56
14 588 2 26 0.54
14 589 2 26 0.52
14 590 2 26 0.5
14 591 2 25 0.66
14 592 2 25 0.7
14 593 1 26 0.46
14 594 1 26 0.46
14 595 1 27 1.32
14 596 1 26 0.46
14 597 1 26 0.44
14 598 1 26 0.42
14 599 1 27 1.26
14 600 1 27 1.26
14 601 1 26 0.38
14 602 1 25 0.82
14 603 1 26 0.34
14 604 1 26 0.32
14 605 1 26 0.3
14 606 1 26 0.3
14 607 1 26 0.32
14 608 1 26 0.34
14 609 1 26 0.32
14 610 1 26 0.32
14 611 1 26 0.32
14 612 1 26 0.32
14 613 1 26 0.32
14 614 1 26 0.32
14 615 1 26 0.32
14 616 1 26 0.32
14 617 1 27 1.16
14 618 1 26 0.28
14 619 2 25 0.9
14 620 3 25 0.9
14 621 3 25 0.88
14 622 3 26 0.26
14 623 3 26 0.26
14 624 3 26 0.26
14 625 3 25 0.86
14 626 3 26 0.22
14 627 3 26 0.22
14 628 3 26 0.2
14 629 3 26 0.2
14 630 3 26 0.2
14 631 3 26 0.2
14 632 3 25 0.86
14 633 3 25 0.86
14 634 3 26 0.2
14 635 3 25 0.86
14 636 3 25 0.86
14 637 3 25 0.84
14 638 3 26 0.24
14 639 3 26 0.26
14 640 3 26 0.26
14 641 3 26 0.26
14 642 3 26 0.26
14 643 3 26 0.24
14 644 3 26 0.26
14 645 3 26 0.24
14 646 3 26 0.24
14 647 3 26 0.24
14 648 3 26 0.26
14 649 3 26 0.28
14 650 3 26 0.28
14 651 3 26 0.28
14 652 3 26 0.28
14 653 3 26 0.28
14 654 3 26 0.3
14 655 3 26 0.32
14 656 3 26 0.34
14 657 3 26 0.36
14 658 3 26 0.36
14 659 3 26 0.36
14 660 3 26 0.36
14 661 3 26 0.34
14 662 3 25 0.7
14 663 3 25 0.72
14 664 3 25 0.72
14 665 3 26 0.3
14 666 3 26 0.3
14 667 3 26 0.32
14 668 3 26 0.34
14 669 3 25 0.66
14 670 3 26 0.36
14 671 3 25 0.66
14 672 3 25 0.66
14 673 3 25 0.66
14 674 3 25 0.66
14 675 3 26 0.36
14 676 3 25 0.66
14 677 3 26 0.36
14 678 3 26 0.38
14 679 3 25 0.64
14 680 3 25 0.64
14 681 3 25 0.64
14 682 3 25 0.64
14 683 3 25 0.64
14 684 3 25 0.64
14 685 3 26 0.4
14 686 3 26 0.42
14 687 3 26 0.44
14 688 3 26 0.44
14 689 3 26 0.44
14 690 3 26 0.42
14 691 3 26 0.44
14 692 3 25 0.56
14 693 3 25 0.56
14 694 3 25 0.56
14 695 3 26 0.46
14 696 3 26 0.46
14 697 3 26 0.44
14 698 3 26 0.42
14 699 3 26 0.4
14 700 3 26 0.38
14 701 3 26 0.38
14 702 3 26 0.38
14 703 3 25 0.62
14 704 3 26 0.42
14 705 3 26 0.42
14 706 3 26 0.4
14 707 3 26 0.38
14 708 3 26 0.36
14 709 3 26 0.34
14 710 3 25 0.7
14 711 3 25 0.7
14 712 3 25 0.7
14 713 3 25 0.68
14 714 3 25 0.66
14 715 3 26 0.38
14 716 3 25 0.62
14 717 3 25 0.6
14 718 3 26 0.42
14 719 3 26 0.42
14 720 3 25 0.6
14 721 3 26 0.44
14 722 3 26 0.46
14 723 3 26 0.46
14 724 3 26 0.46
14 725 3 26 0.46
14 726 3 26 0.46
14 727 3 25 0.56
14 728 3 25 0.56
14 729 3 25 0.58
14 730 3 25 0.58
14 731 3 26 0.46
14 732 3 26 0.48
14 733 3 26 0.5
14 734 3 26 0.52
14 735 3 26 0.54
14 736 3 26 0.54
14 737 3 26 0.54
14 738 3 25 0.48
14 739 3 25 0.5
14 740 3 25 0.52
14 741 3 25 0.52
14 742 3 25 0.54
14 743 3 25 0.56
14 744 3 25 0.56
14 745 3 25 0.56
14 746 3 25 0.58
14 747 3 25 0.56
14 748 3 26 0.48
14 749 3 26 0.5
14 750 3 26 0.52
14 751 3 26 0.54
14 752 3 26 0.54
14 753 3 26 0.52
14 754 3 26 0.5
14 755 3 26 0.5
14 756 3 25 0.54
14 757 3 25 0.54
14 758 3 25 0.54
14 759 3 25 0.54
14 760 3 25 0.54
14 761 3 25 0.52
14 762 3 25 0.5
14 763 3 25 0.48
14 764 3 26 0.54
14 765 3 26 0.52
14 766 3 26 0.5
14 767 3 26 0.48
14 768 3 26 0.46
14 769 3 26 0.44
14 770 3 26 0.42
14 771 3 26 0.42
14 772 3 25 0.6
14 773 3 25 0.6
14 774 3 25 0.58
14 775 3 25 0.56
14 776 3 25 0.54
14 777 3 26 0.5
14 778 3 26 0.52
14 779 3 26 0.54
14 780 3 25 0.46
14 781 3 26 0.58
14 782 3 26 0.56
14 783 3 26 0.56
14 784 3 26 0.56
14 785 3 26 0.54
14 786 3 25 0.5
14 787 3 25 0.52
14 788 3 25 0.54
14 789 3 25 0.56
14 790 3 26 0.46
14 791 3 26 0.46
14 792 3 26 0.46
14 793 3 26 0.46
14 794 3 26 0.46
14 795 3 26 0.46
14 796 3 25 0.56
14 797 3 25 0.56
14 798 3 25 0.58
14 799 3 25 0.58
14 800 3 25 0.58
14 801 3 25 0.58
14 802 3 25 0.58
14 803 3 25 0.56
14 804 3 25 0.54
14 805 3 25 0.52
14 806 3 25 0.52
14 807 3 26 0.5
14 808 3 25 0.52
14 809 3 25 0.52
14 810 3 26 0.5
14 811 3 26 0.5
14 812 3 26 0.48
14 813 3 26 0.46
14 814 3 26 0.44
14 815 3 26 0.42
14 816 3 26 0.42
14 817 3 26 0.42
14 818 3 26 0.42
14 819 3 26 0.44
14 820 3 26 0.46
14 821 3 26 0.48
14 822 3 26 0.48
14 823 3 26 0.48
14 824 3 25 0.54
14 825 3 25 0.54
14 826 3 25 0.54
14 827 3 25 0.54
14 828 3 25 0.54
14 829 3 25 0.54
14 830 3 25 0.54
14 831 3 25 0.54
14 832 3 26 0.48
14 833 3 26 0.5
14 834 3 26 0.5
14 835 3 26 0.5
14 836 3 26 0.52
14 837 3 26 0.54
14 838 3 26 0.54
14 839 3 26 0.54
14 840 3 26 0.54
14 841 3 26 0.54
14 842 3 26 0.54
14 843 3 26 0.54
14 844 3 25 0.48
14 845 3 25 0.46
14 846 3 25 0.44
14 847 3 25 0.42
14 848 3 25 0.42
14 849 3 25 0.42
14 850 3 25 0.42
14 851 3 25 0.42
14 852 3 25 0.42
14 853 3 25 0.44
14 854 3 25 0.44
14 855 3 25 0.44
14 856 3 25 0.44
14 857 3 25 0.44
14 858 3 25 0.42
14 859 3 25 0.4
14 860 3 25 0.38
14 861 3 25 0.36
14 862 3 25 0.34
14 863 3 26 0.7
14 864 3 26 0.72
14 865 3 26 0.74
14 866 3 26 0.76
14 867 3 26 0.78
14 868 3 26 0.8
14 869 3 26 0.82
14 870 3 25 0.2
14 871 3 25 0.2
14 872 3 25 0.2
14 873 3 26 0.8
14 874 3 26 0.78
14 875 3 25 0.26
14 876 3 25 0.26
14 877 3 25 0.26
14 878 3 26 0.76
14 879 3 25 0.26
14 880 3 25 0.26
14 881 3 25 0.28
14 882 3 25 0.28
14 883 3 25 0.28
14 884 3 25 0.3
14 885 3 25 0.3
14 886 3 25 0.32
14 887 3 25 0.32
14 888 3 25 0.32
14 889 3 25 0.3
14 890 3 25 0.28
14 891 3 25 0.28
14 892 3 25 0.28
14 893 3 25 0.28
14 894 3 25 0.28
14 895 3 25 0.28
14 896 3 25 0.3
14 897 3 25 0.32
14 898 3 26 0.68
14 899 3 26 0.68
14 900 3 26 0.68
14 901 3 25 0.36
14 902 3 25 0.36
14 903 3 25 0.36
14 904 3 25 0.34
14 905 3 25 0.34
14 906 3 26 0.66
14 907 3 25 0.38
14 908 3 25 0.4
14 909 3 26 0.6
14 910 3 25 0.44
14 911 3 26 0.56
14 912 3 25 0.46
14 913 3 25 0.46
14 914 3 25 0.46
14 915 3 25 0.46
14 916 3 26 0.56
14 917 3 26 0.56
14 918 3 26 0.56
14 919 3 26 0.56
14 920 3 26 0.56
14 921 3 26 0.56
14 922 3 26 0.54
14 923 3 26 0.52
14 924 3 26 0.52
14 925 3 26 0.52
14 926 3 26 0.52
14 927 3 25 0.52
14 928 3 25 0.54
14 929 3 25 0.56
14 930 3 25 0.58
14 931 3 26 0.42
14 932 3 26 0.42
14 933 3 26 0.4
14 934 3 26 0.38
14 935 3 26 0.38
14 936 3 26 0.36
14 937 3 25 0.66
14 938 3 25 0.68
14 939 3 25 0.7
14 940 3 25 0.72
14 941 3 25 0.74
14 942 3 25 0.74
14 943 3 25 0.74
14 944 3 25 0.72
14 945 3 25 0.7
14 946 3 25 0.68
14 947 3 26 0.36
14 948 3 26 0.38
14 949 3 26 0.4
14 950 3 26 0.42
14 951 3 26 0.44
14 952 3 26 0.46
14 953 3 26 0.46
14 954 3 26 0.46
14 955 3 26 0.44
14 956 3 26 0.42
14 957 3 26 0.44
14 958 3 26 0.46
14 959 3 26 0.48
14 960 3 26 0.5
14 961 3 26 0.5
14 962 3 26 0.5
14 963 3 26 0.5
14 964 3 26 0.48
14 965 3 26 0.48
14 966 3 26 0.46
14 967 3 26 0.44
14 968 3 26 0.42
14 969 3 25 0.62
14 970 3 25 0.64
14 971 3 25 0.66
14 972 3 25 0.68
14 973 3 25 0.68
14 974 3 25 0.68
14 975 3 25 0.66
14 976 3 25 0.66
14 977 3 25 0.66
14 978 3 25 0.66
14 979 3 25 0.66
14 980 3 26 0.36
14 981 3 26 0.36
14 982 3 25 0.66
14 983 3 25 0.66
14 984 3 25 0.66
14 985 3 25 0.66
14 986 3 26 0.36
14 987 3 26 0.36
14 988 3 25 0.66
14 989 3 26 0.36
14 990 3 25 0.64
14 991 3 26 0.4
14 992 3 26 0.42
14 993 3 26 0.44
14 994 3 26 0.44
14 995 3 26 0.42
14 996 3 26 0.4
14 997 3 26 0.3877551020408163
14 998 3 26 0.3673469387755102
14 999 3 26 0.3469387755102041
14 1000 3 25 0.6938775510204082
14 1001 3 26 0.30612244897959184
14 1002 3 26 0.30612244897959184
14 1003 3 26 0.2857142857142857
14 1004 3 26 0.2653061224489796
14 1005 3 26 0.24489795918367346
14 1006 3 26 0.24489795918367346
14 1007 3 26 0.24489795918367346
14 1008 3 26 0.22448979591836735
14 1009 3 26 0.20408163265306123
14 1010 3 26 0.1836734693877551
14 1011 3 26 0.16326530612244897
14 1012 3 26 0.16326530612244897
14 1013 3 26 0.1836734693877551
14 1014 3 26 0.16326530612244897
14 1015 3 25 0.8571428571428571
14 1016 3 25 0.8775510204081632
14 1017 3 25 0.8775510204081632
14 1018 3 25 0.8775510204081632
14 1019 3 26 0.16326530612244897
14 1020 3 26 0.1836734693877551
14 1021 3 26 0.1836734693877551
14 1022 0 0 0
14 1023 3 26 0.1836734693877551
14 1024 3 26 0.20408163265306123
14 1025 3 26 0.20408163265306123
14 1026 3 26 0.1836734693877551
14 1027 3 25 0.8367346938775511
14 1028 3 26 0.1836734693877551
14 1029 3 26 0.1836734693877551
14 1030 3 26 0.20408163265306123
14 1031 3 26 0.22448979591836735
14 1032 3 26 0.22448979591836735
14 1033 3 26 0.24489795918367346
14 1034 3 26 0.2653061224489796
14 1035 3 26 0.2653061224489796
14 1036 3 26 0.2653061224489796
14 1037 3 26 0.2653061224489796
14 1038 3 25 0.7346938775510204
14 1039 3 26 0.30612244897959184
14 1040 3 26 0.32653061224489793
14 1041 3 26 0.32653061224489793
14 1042 3 26 0.32653061224489793
14 1043 3 26 0.32653061224489793
14 1044 3 25 0.6938775510204082
14 1045 3 25 0.673469387755102
14 1046 3 26 0.3673469387755102
14 1047 3 26 0.3877551020408163
14 1048 3 26 0.38
14 1049 3 25 0.62
14 1050 3 26 0.42
14 1051 3 26 0.42
14 1052 3 26 0.44
14 1053 3 26 0.44
14 1054 3 26 0.44
14 1055 3 25 0.58
14 1056 3 25 0.56
14 1057 3 26 0.48
14 1058 3 25 0.52
14 1059 3 25 0.5
14 1060 3 26 0.54
14 1061 3 26 0.56
14 1062 3 26 0.58
14 1063 3 25 0.42
14 1064 3 25 0.42
14 1065 3 25 0.4
14 1066 3 25 0.38
14 1067 3 25 0.36
14 1068 3 25 0.34
14 1069 3 25 0.32
14 1070 3 25 0.32
14 1071 3 25 0.32
14 1072 3 25 0.3
14 1073 3 26 0.74
14 1074 3 25 0.26
14 1075 3 25 0.26
14 1076 3 26 0.78
14 1077 3 25 0.22
14 1078 3 25 0.2
14 1079 3 26 0.84
14 1080 3 26 0.86
14 1081 3 25 0.18
14 1082 3 25 0.2
14 1083 3 25 0.2
14 1084 3 25 0.2
14 1085 3 25 0.22
14 1086 3 25 0.2
14 1087 3 25 0.2
14 1088 3 25 0.2
14 1089 3 25 0.22
14 1090 3 25 0.24
14 1091 3 25 0.24
14 1092 3 25 0.24
14 1093 3 25 0.24
14 1094 3 25 0.24
14 1095 3 25 0.24
14 1096 3 25 0.24
14 1097 3 25 0.24
14 1098 3 25 0.24
14 1099 3 25 0.22
14 1100 3 25 0.22
14 1101 3 25 0.22
14 1102 3 25 0.22
14 1103 3 25 0.24
14 1104 3 25 0.26
14 1105 3 25 0.26
14 1106 3 26 0.76
14 1107 3 26 0.74
14 1108 3 26 0.74
14 1109 3 25 0.28
14 1110 3 26 0.74
14 1111 3 25 0.28
14 1112 3 26 0.74
14 1113 3 26 0.74
14 1114 3 26 0.74
14 1115 3 26 0.74
14 1116 3 25 0.3
14 1117 3 25 0.32
14 1118 3 25 0.32
14 1119 3 25 0.32
14 1120 3 25 0.34
14 1121 3 25 0.34
14 1122 3 25 0.34
14 1123 3 25 0.36
14 1124 3 25 0.36
14 1125 3 25 0.36
14 1126 3 25 0.36
14 1127 3 26 0.66
14 1128 3 26 0.64
14 1129 3 26 0.62
14 1130 3 26 0.6
14 1131 3 26 0.5918367346938775
14 1132 3 26 0.6122448979591837
14 1133 3 25 0.3877551020408163
14 1134 3 25 0.3673469387755102
14 1135 3 25 0.3673469387755102
14 1136 3 25 0.3673469387755102
14 1137 3 25 0.3673469387755102
14 1138 3 25 0.3541666666666667
14 1139 3 25 0.6666666666666666
14 1140 3 25 0.6458333333333334
14 1141 3 26 1.0625
14 1142 3 26 1.0625
14 1143 3 25 0.625
14 1144 3 25 0.625
14 1145 3 26 1.0416666666666667
14 1146 3 25 0.6666666666666666
14 1147 3 25 0.6875
14 1148 3 26 0.9791666666666666
14 1149 3 25 0.7291666666666666
14 1150 3 25 0.75
14 1151 3 25 0.7708333333333334
14 1152 3 25 0.7916666666666666
14 1153 3 26 0.9166666666666666
14 1154 3 26 0.9166666666666666
14 1155 3 26 0.9375
14 1156 0 0 0
14 1157 3 25 0.75
14 1158 3 25 0.75
14 1159 3 25 0.7708333333333334
14 1160 3 25 0.7916666666666666
14 1161 3 26 0.875
14 1162 3 25 0.8333333333333334
14 1163 0 0 0
14 1164 21 9 16.5
14 1165 3 25 0.8333333333333334
14 1166 3 25 0.8333333333333334
14 1167 3 25 0.8125
14 1168 3 25 0.7916666666666666
14 1169 3 25 0.7916666666666666
14 1170 3 26 0.8958333333333334
14 1171 3 26 0.9166666666666666
14 1172 3 26 0.9166666666666666
14 1173 3 26 0.9166666666666666
14 1174 3 26 0.9166666666666666
14 1175 3 26 0.8958333333333334
14 1176 3 26 0.875
14 1177 3 26 0.8541666666666666
14 1178 3 25 0.8541666666666666
14 1179 3 26 0.8333333333333334
14 1180 3 25 0.8333333333333334
14 1181 3 26 0.8541666666666666
14 1182 3 26 0.8571428571428571
14 1183 3 26 0.8367346938775511
14 1184 3 26 0.8163265306122449
14 1185 3 26 0.7959183673469388
14 1186 3 26 0.7755102040816326
14 1187 3 26 0.7755102040816326
14 1188 3 25 0.9183673469387755
14 1189 3 25 0.92
14 1190 3 25 0.62
14 1191 3 25 0.6326530612244898
14 1192 3 25 0.6326530612244898
14 1193 3 25 0.6530612244897959
14 1194 3 25 0.673469387755102
14 1195 3 25 0.6938775510204082
14 1196 3 25 0.6938775510204082
14 1197 3 25 0.6938775510204082
14 1198 3 25 0.6938775510204082
14 1199 3 26 0.32653061224489793
14 1200 3 26 0.3333333333333333
14 1201 3 26 0.3333333333333333
14 1202 3 26 0.3333333333333333
14 1203 3 26 0.3333333333333333
14 1204 3 26 0.3125
14 1205 3 25 0.7083333333333334
14 1206 3 26 0.2978723404255319
14 1207 3 25 0.723404255319149
14 1208 3 26 0.2978723404255319
14 1209 3 26 0.2978723404255319
14 1210 3 26 0.30434782608695654
14 1211 3 26 0.30434782608695654
14 1212 3 26 0.30434782608695654
14 1213 3 26 0.30434782608695654
14 1214 3 26 0.2826086956521739
14 1215 3 26 0.2608695652173913
14 1216 0 0 0
14 1217 3 25 0.8043478260869565
14 1218 3 26 0.1956521739130435
14 1219 3 26 0.17391304347826086
14 1220 3 26 0.15217391304347827
14 1221 3 26 0.13043478260869565
14 1222 3 26 0.10869565217391304
14 1223 3 26 0.08695652173913043
14 1224 3 26 0.06521739130434782
14 1225 0 0 0
14 1226 3 26 0.06521739130434782
14 1227 3 26 0.06521739130434782
14 1228 3 26 0.06521739130434782
14 1229 3 26 0.06521739130434782
14 1230 3 26 0.06521739130434782
14 1231 0 0 0
14 1232 3 26 0.06521739130434782
14 1233 3 26 0.043478260869565216
14 1234 3 26 0.044444444444444446
14 1235 0 0 0
14 1236 3 26 0.045454545454545456
14 1237 3 26 0.045454545454545456
14 1238 3 26 0.045454545454545456
14 1239 3 26 0.045454545454545456
14 1240 3 26 0.06818181818181818
14 1241 3 26 0.06818181818181818
14 1242 3 26 0.06666666666666667
14 1243 3 26 0.044444444444444446
14 1244 3 26 0.044444444444444446
14 1245 3 26 0.044444444444444446
14 1246 3 26 0.06666666666666667
14 1247 3 26 0.08888888888888889
14 1248 3 26 0.08888888888888889
14 1249 3 26 0.1111111111111111
14 1250 3 26 0.13333333333333333
14 1251 3 26 0.15217391304347827
14 1252 3 26 0.17391304347826086
14 1253 3 26 0.1956521739130435
14 1254 3 26 0.21739130434782608
14 1255 3 26 0.2391304347826087
14 1256 3 26 0.2608695652173913
14 1257 3 25 0.7659574468085106
14 1258 3 26 0.2765957446808511
14 1259 0 0 0
14 1260 3 26 0.2826086956521739
14 1261 0 0 0
14 1262 3 26 0.2765957446808511
14 1263 3 26 0.2765957446808511
14 1264 3 26 0.2978723404255319
14 1265 3 25 0.723404255319149
14 1266 3 26 0.2978723404255319
14 1267 3 26 0.3191489361702128
14 1268 3 26 0.3617021276595745
14 1269 3 26 0.3617021276595745
14 1270 3 26 0.3829787234042553
14 1271 3 25 0.6595744680851063
14 1272 3 25 0.6382978723404256
14 1273 3 26 0.44680851063829785
14 1274 3 25 0.6170212765957447
14 1275 3 25 0.6170212765957447
14 1276 3 25 0.6170212765957447
14 1277 3 25 0.6170212765957447
14 1278 3 25 0.5957446808510638
14 1279 3 25 0.5957446808510638
14 1280 3 25 0.574468085106383
14 1281 3 25 0.5531914893617021
14 1282 3 26 0.5106382978723404
14 1283 3 25 0.574468085106383
14 1284 3 26 0.5106382978723404
14 1285 0 0 0
14 1286 3 26 0.5208333333333334
14 1287 3 26 0.5306122448979592
14 1288 3 26 0.5510204081632653
14 1289 3 25 0.4897959183673469
14 1290 3 26 0.5714285714285714
14 1291 3 26 0.5714285714285714
14 1292 3 25 0.46938775510204084
14 1293 3 24 1.4285714285714286
14 1294 3 26 0.6326530612244898
14 1295 3 25 0.40816326530612246
14 1296 3 25 0.3877551020408163
14 1297 3 25 0.3877551020408163
14 1298 3 25 0.40816326530612246
14 1299 3 26 0.7346938775510204
14 1300 3 26 0.7551020408163265
14 1301 3 26 0.7755102040816326
14 1302 3 26 0.7959183673469388
14 1303 3 25 0.4897959183673469
14 1304 3 26 0.8367346938775511
14 1305 3 25 0.5306122448979592
14 1306 3 25 0.5510204081632653
14 1307 3 26 0.8979591836734694
14 1308 3 26 0.9387755102040817
14 1309 3 25 0.5918367346938775
14 1310 3 26 1.0
14 1311 3 25 0.6
14 1312 3 25 0.6
14 1313 3 25 0.6
14 1314 3 25 0.6
14 1315 3 26 1.16
14 1316 3 25 0.62
14 1317 3 25 0.62
14 1318 3 25 0.64
14 1319 3 25 0.64
14 1320 3 25 0.64
14 1321 3 25 0.66
14 1322 3 25 0.68
14 1323 4 24 0.68
14 1324 6 24 0.66
14 1325 8 24 0.62
14 1326 9 24 0.58
14 1327 9 24 0.54
14 1328 9 24 0.5
14 1329 9 24 0.48
14 1330 9 24 0.44
14 1331 9 24 0.42
14 1332 9 24 0.4
14 1333 9 24 0.36
14 1334 9 24 0.32
14 1335 9 24 0.3
14 1336 9 24 0.26
14 1337 9 24 0.24
14 1338 9 24 0.22
14 1339 9 24 0.2
14 1340 9 24 0.18
14 1341 9 24 0.14
14 1342 9 24 0.12
14 1343 9 24 0.14
14 1344 9 24 0.24
14 1345 9 24 0.42
14 1346 9 24 0.40816326530612246
14 1347 9 24 0.3958333333333333
14 1348 9 24 0.3829787234042553
14 1349 9 24 0.391304347826087
14 1350 9 24 0.4
14 1351 9 24 0.4090909090909091
14 1352 9 24 0.4186046511627907
14 1353 9 24 0.42857142857142855
14 1354 9 24 0.43902439024390244
14 1355 9 24 0.45
14 1356 9 24 0.46153846153846156
14 1357 9 24 0.47368421052631576
14 1358 9 24 0.4864864864864865
14 1359 9 24 0.5
14 1360 9 24 0.5142857142857142
14 1361 9 24 0.5294117647058824
14 1362 9 24 0.5454545454545454
14 1363 9 24 0.5625
14 1364 9 24 0.5806451612903226
14 1365 9 24 0.6
14 1366 9 24 0.6206896551724138
14 1367 8 24 0.6428571428571429
14 1368 9 26 2.2962962962962963
14 1369 10 30 5.846153846153846
14 1370 11 34 9.68
14 1371 0 0 0
14 1372 0 0 0
14 1373 0 0 0
14 1374 0 0 0
14 1375 0 0 0
14 1376 0 0 0
14 1377 0 0 0
14 1378 0 0 0
14 1379 0 0 0
14 1380 0 0 0
14 1381 0 0 0
14 1382 0 0 0
14 1383 0 0 0
14 1384 0 0 0
14 1385 0 0 0
14 1386 0 0 0
14 1387 0 0 0
14 1388 0 0 0
14 1389 0 0 0
14 1390 0 0 0
14 1391 0 0 0
14 1392 0 0 0
14 1393 0 0 0
14 1394 0 0 0
14 1395 0 0 0
14 1396 0 0 0
14 1397 0 0 0
14 1398 0 0 0
14 1399 0 0 0
14 1400 0 0 0
14 1401 0 0 0
14 1402 0 0 0
14 1403 0 0 0
14 1404 0 0 0
14 1405 0 0 0
14 1406 0 0 0
14 1407 0 0 0
14 1408 0 0 0
14 1409 0 0 0
14 1410 0 0 0
14 1411 0 0 0
14 1412 0 0 0
14 1413 0 0 0
14 1414 0 0 0
14 1415 0 0 0
14 1416 0 0 0
14 1417 0 0 0
14 1418 0 0 0
14 1419 0 0 0
14 1420 0 0 0
14 1421 0 0 0
14 1422 0 0 0
14 1423 0 0 0
14 1424 0 0 0
14 1425 0 0 0
14 1426 0 0 0
14 1427 0 0 0
14 1428 0 0 0
14 1429 0 0 0
14 1430 0 0 0
14 1431 0 0 0
14 1432 0 0 0
14 1433 0 0 0
14 1434 0 0 0
14 1435 0 0 0
14 1436 0 0 0
14 1437 0 0 0
14 1438 0 0 0
14 1439 0 0 0
14 1440 0 0 0
14 1441 0 0 0
14 1442 0 0 0
14 1443 0 0 0
14 1444 0 0 0
14 1445 0 0 0
14 1446 0 0 0
14 1447 0 0 0
14 1448 0 0 0
14 1449 0 0 0
14 1450 0 0 0
14 1451 0 0 0
14 1452 0 0 0
14 1453 0 0 0
14 1454 0 0 0
14 1455 0 0 0
14 1456 0 0 0
14 1457 0 0 0
14 1458 0 0 0
14 1459 0 0 0
14 1460 0 0 0
14 1461 0 0 0
14 1462 0 0 0
14 1463 0 0 0
14 1464 0 0 0
14 1465 0 0 0
14 1466 0 0 0
14 1467 0 0 0
14 1468 0 0 0
14 1469 0 0 0
14 1470 0 0 0
14 1471 0 0 0
14 1472 0 0 0
14 1473 0 0 0
14 1474 0 0 0
14 1475 0 0 0
14 1476 0 0 0
14 1477 0 0 0
14 1478 0 0 0
14 1479 0 0 0
14 1480 0 0 0
14 1481 0 0 0
14 1482 0 0 0
14 1483 0 0 0
14 1484 0 0 0
14 1485 0 0 0
14 1486 0 0 0
14 1487 0 0 0
14 1488 0 0 0
14 1489 0 0 0
14 1490 0 0 0
14 1491 0 0 0
14 1492 0 0 0
14 1493 0 0 0
14 1494 0 0 0
14 1495 0 0 0
14 1496 0 0 0
14 1497 0 0 0
14 1498 0 0 0
14 1499 0 0 0
14 1500 0 0 0
14 1501 3 28 5.222222222222222
14 1502 2 26 3.4444444444444446
14 1503 1 24 2.111111111111111
14 1504 1 24 2.111111111111111
14 1505 1 21 2.7777777777777777
14 1506 1 20 3.6666666666666665
14 1507 1 21 2.7777777777777777
14 1508 0 22 2.3333333333333335
14 1509 0 23 3.3
14 1510 1 24 4.454545454545454
14 1511 0 0 0
14 1512 0 0 0
14 1513 0 0 0
14 1514 0 0 0
14 1515 0 0 0
14 1516 0 0 0
14 1517 0 0 0
14 1518 0 0 0
14 1519 0 0 0
14 1520 0 0 0
14 1521 0 0 0
14 1522 0 0 0
14 1523 0 0 0
14 1524 0 0 0
14 1525 0 0 0
14 1526 0 0 0
14 1527 0 0 0
14 1528 0 0 0
14 1529 0 0 0
14 1530 0 0 0
14 1531 0 0 0
14 1532 0 0 0
14 1533 0 0 0
14 1534 21 9 1.7058823529411764
14 1535 21 9 0.9375
14 1536 21 9 0.0
14 1537 21 9 0.0
14 1538 0 0 0
14 1539 0 0 0
14 1540 21 9 0.0
14 1541 0 0 0
14 1542 0 0 0
14 1543 0 0 0
14 1544 21 9 0.0
14 1545 21 9 0.0
14 1546 21 9 0.0
14 1547 21 9 0.0
14 1548 21 9 0.0
14 1549 0 0 0
14 1550 0 0 0
14 1551 0 0 0
14 1552 21 9 0.0
14 1553 21 9 0.0
14 1554 21 9 0.0
14 1555 0 0 0
14 1556 0 0 0
14 1557 21 9 0.0
14 1558 21 9 0.0
14 1559 21 9 0.0
14 1560 0 0 0
14 1561 21 9 0.0
14 1562 21 9 0.0
14 1563 21 9 0.0
14 1564 0 0 0
14 1565 0 0 0
14 1566 0 0 0
14 1567 0 0 0
14 1568 0 0 0
14 1569 21 9 0.8823529411764706
14 1570 0 0 0
14 1571 21 9 1.0
14 1572 0 0 0
14 1573 0 0 0
14 1574 0 0 0
14 1575 0 0 0
14 1576 0 0 0
14 1577 0 0 0
14 1578 0 0 0
14 1579 0 0 0
14 1580 0 0 0
14 1581 0 0 0
14 1582 0 0 0
14 1583 0 0 0
14 1584 0 0 0
14 1585 0 0 0
14 1586 0 0 0
14 1587 21 9 1.25
14 1588 0 0 0
14 1589 0 0 0
14 1590 0 0 0
14 1591 0 0 0
14 1592 0 0 0
14 1593 0 0 0
14 1594 1 24 15.0
14 1595 0 0 0
14 1596 0 0 0
14 1597 0 0 0
14 1598 0 0 0
14 1599 0 0 0
14 1600 21 9 6.25
14 1601 21 9 6.25
14 1602 0 0 0
14 1603 21 9 6.25
14 1604 21 9 6.25
14 1605 0 0 0
14 1606 21 9 6.25
14 1607 0 0 0
14 1608 0 0 0
14 1609 0 0 0
14 1610 21 9 6.25
14 1611 21 9 6.25
14 1612 0 0 0
14 1613 0 0 0
14 1614 0 0 0
14 1615 0 0 0
14 1616 0 0 0
14 1617 0 0 0
14 1618 0 0 0
14 1619 0 0 0
14 1620 0 0 0
14 1621 0 0 0
14 1622 1 24 8.307692307692308
14 1623 1 24 8.307692307692308
14 1624 1 24 8.307692307692308
14 1625 1 24 7.714285714285714
14 1626 0 0 0
14 1627 0 0 0
14 1628 0 0 0
14 1629 0 0 0
14 1630 0 0 0
14 1631 0 0 0
14 1632 0 0 0
14 1633 0 0 0
14 1634 0 0 0
14 1635 0 0 0
14 1636 0 0 0
14 1637 0 0 0
14 1638 0 0 0
14 1639 0 0 0
14 1640 0 0 0
14 1641 0 0 0
14 1642 1 25 0.782608695652174
14 1643 0 0 0
14 1644 0 0 0
14 1645 1 25 0.8076923076923077
14 1646 1 25 0.8148148148148148
14 1647 0 0 0
14 1648 0 0 0
14 1649 0 0 0
14 1650 3 24 0.21428571428571427
14 1651 3 24 0.21428571428571427
14 1652 3 24 0.20689655172413793
14 1653 3 24 0.2
14 1654 3 24 0.1935483870967742
14 1655 3 24 0.1875
14 1656 2 24 0.18181818181818182
14 1657 3 25 0.8529411764705882
14 1658 3 25 0.8571428571428571
14 1659 3 25 0.8611111111111112
14 1660 3 24 0.16216216216216217
14 1661 3 24 0.15789473684210525
14 1662 3 24 0.15384615384615385
14 1663 3 24 0.15
14 1664 3 24 0.14634146341463414
14 1665 0 0 0
14 1666 3 24 0.13953488372093023
14 1667 3 24 0.13636363636363635
14 1668 3 24 0.11363636363636363
14 1669 3 24 0.1111111111111111
14 1670 3 24 0.10869565217391304
14 1671 3 24 0.08695652173913043
14 1672 3 24 0.06521739130434782
14 1673 3 24 0.06382978723404255
14 1674 3 24 0.0625
14 1675 2 24 0.061224489795918366
14 1676 3 24 0.061224489795918366
14 1677 3 24 0.061224489795918366
14 1678 3 24 0.061224489795918366
14 1679 3 24 0.061224489795918366
14 1680 3 24 0.061224489795918366
14 1681 3 24 0.061224489795918366
14 1682 3 24 0.061224489795918366
14 1683 3 24 0.04081632653061224
14 1684 3 24 0.020833333333333332
14 1685 3 24 0.0
14 1686 3 24 0.0
14 1687 3 24 0.0
14 1688 3 24 0.0
14 1689 3 24 0.0
14 1690 3 24 0.0
14 1691 3 24 0.0
14 1692 3 24 0.0
14 1693 3 24 0.0
14 1694 3 24 0.0
14 1695 3 24 0.0
14 1696 3 24 0.0
14 1697 3 24 0.0
14 1698 3 24 0.0
14 1699 3 24 0.0
14 1700 3 24 0.0
14 1701 3 24 0.0
14 1702 3 24 0.0
14 1703 3 24 0.0
14 1704 3 24 0.0
14 1705 3 24 0.0
14 1706 3 24 0.0
14 1707 3 24 0.0
14 1708 3 24 0.0
14 1709 0 0 0
14 1710 3 24 0.0
14 1711 3 24 0.0
14 1712 3 24 0.0
14 1713 3 24 0.0
14 1714 3 24 0.0
14 1715 3 24 0.0
14 1716 3 24 0.0
14 1717 3 24 0.0
14 1718 3 24 0.0
14 1719 3 24 0.0
14 1720 3 24 0.0
14 1721 3 24 0.0
14 1722 3 24 0.0
14 1723 3 24 0.0
14 1724 3 24 0.0
14 1725 3 24 0.0
14 1726 3 24 0.0
14 1727 3 24 0.0
14 1728 3 24 0.0
14 1729 3 24 0.0
14 1730 3 24 0.0
14 1731 3 24 0.0
14 1732 3 24 0.0
14 1733 3 24 0.0
14 1734 3 24 0.0
14 1735 3 24 0.0
14 1736 3 24 0.0
14 1737 3 24 0.0
14 1738 3 24 0.0
14 1739 3 24 0.0
14 1740 3 24 0.0
14 1741 3 24 0.0
14 1742 3 24 0.0
14 1743 3 24 0.0
14 1744 3 24 0.0
14 1745 3 24 0.0
14 1746 3 24 0.0
14 1747 3 24 0.0
14 1748 3 24 0.0
14 1749 3 24 0.0
14 1750 3 24 0.0
14 1751 3 24 0.0
14 1752 3 24 0.0
14 1753 3 24 0.0
14 1754 3 24 0.0
14 1755 3 24 0.0
14 1756 3 24 0.0
14 1757 3 24 0.0
14 1758 3 24 0.0
14 1759 3 24 0.0
14 1760 3 24 0.0
14 1761 3 24 0.0
14 1762 3 24 0.0
14 1763 3 24 0.0
14 1764 3 24 0.0
14 1765 3 24 0.0
14 1766 3 24 0.0
14 1767 3 24 0.0
14 1768 3 24 0.0
14 1769 3 24 0.0
14 1770 3 24 0.0
14 1771 3 24 0.0
14 1772 3 24 0.0
14 1773 3 24 0.0
14 1774 3 24 0.0
14 1775 3 24 0.0
14 1776 3 24 0.0
14 1777 3 24 0.0
14 1778 3 24 0.0
14 1779 3 24 0.0
14 1780 3 24 0.0
14 1781 3 24 0.0
14 1782 3 24 0.0
14 1783 3 24 0.0
14 1784 3 24 0.0
14 1785 3 24 0.0
14 1786 3 24 0.0
14 1787 3 24 0.0
14 1788 3 24 0.0
14 1789 3 24 0.0
14 1790 3 24 0.0
14 1791 3 24 0.0
14 1792 3 24 0.0
14 1793 3 24 0.0
14 1794 3 24 0.0
14 1795 3 24 0.0
14 1796 3 24 0.0
14 1797 3 24 0.0
14 1798 3 24 0.0
14 1799 3 24 0.0
14 1800 3 24 0.0
14 1801 3 24 0.0
14 1802 3 24 0.0
14 1803 3 24 0.0
14 1804 3 24 0.0
14 1805 3 24 0.0
14 1806 3 24 0.0
14 1807 3 24 0.0
14 1808 3 24 0.0
14 1809 3 24 0.0
14 1810 3 24 0.0
14 1811 3 24 0.0
14 1812 3 24 0.0
14 1813 3 24 0.0
14 1814 3 24 0.0
14 1815 3 24 0.0
14 1816 3 24 0.0
14 1817 3 24 0.0
14 1818 3 24 0.0
14 1819 3 24 0.0
14 1820 3 24 0.0
14 1821 2 24 0.0
14 1822 3 24 0.0
14 1823 3 24 0.0
14 1824 3 24 0.34
14 1825 3 24 0.34
14 1826 3 24 0.34
14 1827 3 24 0.34
14 1828 3 24 0.68
14 1829 3 24 0.68
14 1830 3 24 0.68
14 1831 3 24 0.68
14 1832 3 24 0.68
14 1833 3 24 0.68
14 1834 3 24 0.68
14 1835 3 24 0.68
14 1836 3 24 0.68
14 1837 3 24 0.68
14 1838 3 24 0.68
14 1839 3 24 0.68
14 1840 3 24 0.68
14 1841 3 24 0.68
14 1842 3 24 0.68
14 1843 3 24 0.68
14 1844 3 24 0.68
14 1845 3 24 0.68
14 1846 3 24 0.68
14 1847 3 24 0.68
14 1848 3 24 0.68
14 1849 22 7 16.66
14 1850 3 24 0.68
14 1851 3 24 0.68
14 1852 3 24 0.68
14 1853 22 7 16.66
14 1854 3 24 0.68
14 1855 3 24 0.68
14 1856 3 24 0.68
14 1857 3 24 0.68
14 1858 3 24 0.6938775510204082
14 1859 3 24 0.6938775510204082
14 1860 3 24 0.6938775510204082
14 1861 3 24 0.6938775510204082
14 1862 3 24 0.6938775510204082
14 1863 3 24 0.6938775510204082
14 1864 3 24 0.6938775510204082
14 1865 3 24 0.6938775510204082
14 1866 3 24 0.6938775510204082
14 1867 3 24 0.6938775510204082
14 1868 3 24 0.6938775510204082
14 1869 3 24 0.6938775510204082
14 1870 3 24 0.6938775510204082
14 1871 3 24 0.6938775510204082
14 1872 3 24 0.6938775510204082
14 1873 3 24 0.6938775510204082
14 1874 3 24 0.6938775510204082
14 1875 3 24 0.3469387755102041
14 1876 3 24 0.3469387755102041
14 1877 3 24 0.3469387755102041
14 1878 3 24 0.3469387755102041
14 1879 3 24 0.0
14 1880 3 24 0.0
14 1881 3 24 0.0
14 1882 3 24 0.02040816326530612
14 1883 0 0 0
14 1884 3 24 0.02127659574468085
14 1885 3 24 0.3617021276595745
14 1886 3 24 0.3695652173913043
14 1887 3 24 0.37777777777777777
14 1888 3 24 0.38636363636363635
14 1889 3 24 0.38636363636363635
14 1890 3 24 0.3953488372093023
14 1891 3 24 0.40476190476190477
14 1892 3 24 0.8095238095238095
14 1893 3 24 1.2142857142857142
14 1894 3 24 1.2142857142857142
14 1895 3 24 1.2142857142857142
14 1896 3 24 1.2439024390243902
14 1897 3 24 1.275
14 1898 3 24 1.3076923076923077
14 1899 3 24 1.3421052631578947
14 1900 3 24 1.3783783783783783
14 1901 3 24 1.4166666666666667
14 1902 3 24 1.457142857142857
14 1903 3 24 1.5
14 1904 3 24 1.5454545454545454
14 1905 3 24 1.59375
14 1906 3 24 1.625
14 1907 3 23 2.4516129032258065
14 1908 0 0 0
14 1909 0 0 0
14 1910 24 8 14.96551724137931
14 1911 0 0 0
14 1912 0 0 0
14 1913 0 0 0
14 1914 1 24 2.576923076923077
14 1915 0 0 0
14 1916 0 0 0
14 1917 23 7 14.91304347826087
14 1918 23 7 14.818181818181818
14 1919 1 24 3.1904761904761907
14 1920 1 24 3.35
14 1921 0 0 0
14 1922 0 0 0
14 1923 0 0 0
14 1924 0 0 0
14 1925 0 0 0
14 1926 0 0 0
14 1927 0 0 0
14 1928 0 0 0
14 1929 0 0 0
14 1930 0 0 0
14 1931 1 25 9.1
14 1932 0 0 0
14 1933 0 0 0
14 1934 0 0 0
14 1935 0 0 0
14 1936 0 0 0
14 1937 21 9 9.285714285714286
14 1938 0 0 0
14 1939 0 0 0
14 1940 0 0 0
14 1941 0 0 0
14 1942 0 0 0
14 1943 0 0 0
14 1944 0 0 0
14 1945 0 0 0
14 1946 21 9 5.333333333333333
14 1947 0 0 0
14 1948 0 0 0
14 1949 0 0 0
14 1950 0 0 0
14 1951 0 0 0
14 1952 0 0 0
14 1953 0 0 0
14 1954 0 0 0
14 1955 0 0 0
14 1956 0 0 0
14 1957 0 0 0
14 1958 0 0 0
14 1959 0 0 0
14 1960 0 0 0
14 1961 0 0 0
14 1962 0 0 0
14 1963 0 0 0
14 1964 21 9 7.0
14 1965 0 0 0
14 1966 0 0 0
14 1967 0 0 0
14 1968 0 0 0
14 1969 0 0 0
14 1970 0 0 0
14 1971 0 0 0
14 1972 0 0 0
14 1973 0 0 0
14 1974 0 0 0
14 1975 0 0 0
14 1976 0 0 0
14 1977 0 0 0
14 1978 0 0 0
14 1979 0 0 0
14 1980 0 0 0
14 1981 6 15 8.4
14 1982 1 24 4.8
14 1983 0 0 0
14 1984 0 0 0
14 1985 0 0 0
14 1986 0 0 0
14 1987 0 0 0
14 1988 0 0 0
14 1989 0 0 0
14 1990 0 0 0
14 1991 1 24 1.0
14 1992 0 0 0
14 1993 0 0 0
14 1994 0 0 0
14 1995 0 0 0
14 1996 1 24 0.8181818181818182
14 1997 0 0 0
14 1998 0 0 0
14 1999 0 0 0
14 2000 0 0 0
14 2001 0 0 0
14 2002 0 0 0
14 2003 0 0 0
14 2004 1 24 0.7692307692307693
14 2005 0 0 0
14 2006 0 0 0
14 2007 0 0 0
14 2008 0 0 0
14 2009 1 24 0.08333333333333333
14 2010 1 24 0.08333333333333333
14 2011 0 0 0
14 2012 1 24 0.08333333333333333
14 2013 0 0 0
14 2014 1 24 0.08333333333333333
14 2015 1 24 0.08333333333333333
14 2016 0 0 0
14 2017 1 24 0.08333333333333333
14 2018 0 0 0
14 2019 1 24 0.07692307692307693
14 2020 0 0 0
14 2021 0 0 0
14 2022 0 0 0
14 2023 1 24 0.0625
14 2024 1 25 1.0588235294117647
14 2025 0 0 0
14 2026 0 0 0
14 2027 0 0 0
14 2028 0 0 0
14 2029 0 0 0
14 2030 0 0 0
14 2031 0 0 0
14 2032 0 0 0
14 2033 0 0 0
14 2034 1 24 2.1153846153846154
14 2035 0 0 0
14 2036 0 0 0
14 2037 0 0 0
14 2038 0 0 0
14 2039 0 0 0
14 2040 0 0 0
14 2041 1 24 3.1818181818181817
14 2042 0 0 0
14 2043 1 24 3.9545454545454546
14 2044 0 0 0
14 2045 2 24 4.7272727272727275
14 2046 3 24 4.7272727272727275
14 2047 5 24 4.7272727272727275
14 2048 9 24 4.7272727272727275
14 2049 11 23 4.666666666666667
14 2050 15 22 4.55
14 2051 18 21 4.5
14 2052 21 21 4.5
14 2053 24 21 4.9523809523809526
14 2054 27 20 5.238095238095238
14 2055 29 20 5.238095238095238
14 2056 33 21 4.9523809523809526
14 2057 34 22 5.5
14 2058 30 10 9.681818181818182
14 2059 29 9 10.181818181818182
14 2060 29 9 9.952380952380953
14 2061 0 0 0
14 2062 0 0 0
14 2063 0 0 0
14 2064 0 0 0
14 2065 0 0 0
14 2066 0 0 0
14 2067 0 0 0
14 2068 24 7 9.73913043478261
14 2069 24 7 9.409090909090908
14 2070 0 0 0
14 2071 0 0 0
14 2072 0 0 0
14 2073 0 0 0
14 2074 0 0 0
14 2075 0 0 0
14 2076 0 0 0
14 2077 0 0 0
14 2078 29 7 5.375
14 2079 0 0 0
14 2080 0 0 0
14 2081 0 0 0
14 2082 29 7 3.0
14 2083 0 0 0
14 2084 0 0 0
14 2085 0 0 0
14 2086 0 0 0
14 2087 29 7 1.7272727272727273
14 2088 0 0 0
14 2089 21 9 1.75
14 2090 0 0 0
14 2091 0 0 0
14 2092 21 9 1.75
14 2093 0 0 0
14 2094 0 0 0
14 2095 0 0 0
14 2096 0 0 0
14 2097 0 0 0
14 2098 0 0 0
14 2099 0 0 0
14 2100 0 0 0
14 2101 0 0 0
14 2102 31 10 1.8
14 2103 31 10 1.75
14 2104 0 0 0
14 2105 0 0 0
14 2106 6 14 5.352941176470588
14 2107 0 0 0
14 2108 0 0 0
14 2109 0 0 0
14 2110 21 9 0.7222222222222222
14 2111 0 0 0
14 2112 24 7 2.1666666666666665
14 2113 0 0 0
14 2114 24 7 2.2941176470588234
14 2115 0 0 0
14 2116 0 0 0
14 2117 0 0 0
14 2118 0 0 0
14 2119 0 0 0
14 2120 0 0 0
14 2121 21 9 0.7058823529411765
14 2122 21 9 0.7058823529411765
14 2123 21 9 0.7058823529411765
14 2124 0 0 0
14 2125 21 9 0.6666666666666666
14 2126 0 0 0
14 2127 21 9 0.6666666666666666
14 2128 21 9 0.6470588235294118
14 2129 0 0 0
14 2130 21 9 0.625
14 2131 21 9 0.625
14 2132 21 9 0.3125
14 2133 21 9 0.3125
14 2134 0 0 0
14 2135 0 0 0
14 2136 0 0 0
14 2137 0 0 0
14 2138 0 0 0
14 2139 0 0 0
14 2140 24 8 1.9444444444444444
14 2141 0 0 0
14 2142 0 0 0
14 2143 21 9 1.2222222222222223
14 2144 0 0 0
14 2145 0 0 0
14 2146 0 0 0
14 2147 0 0 0
14 2148 0 0 0
14 2149 0 0 0
14 2150 21 9 1.7222222222222223
14 2151 0 0 0
14 2152 0 0 0
14 2153 0 0 0
14 2154 0 0 0
14 2155 0 0 0
14 2156 0 0 0
14 2157 21 9 2.066666666666667
14 2158 0 0 0
14 2159 28 6 3.1333333333333333
14 2160 28 6 3.125
14 2161 6 14 5.352941176470588
14 2162 6 14 5.333333333333333
14 2163 0 0 0
14 2164 0 0 0
14 2165 6 14 5.285714285714286
14 2166 0 0 0
14 2167 0 0 0
14 2168 0 0 0
14 2169 0 0 0
14 2170 0 0 0
14 2171 0 0 0
14 2172 28 6 3.1153846153846154
14 2173 28 6 3.111111111111111
14 2174 0 0 0
14 2175 28 6 3.107142857142857
14 2176 0 0 0
14 2177 0 0 0
14 2178 0 0 0
14 2179 21 9 1.032258064516129
14 2180 0 0 0
14 2181 0 0 0
14 2182 21 9 0.9411764705882353
14 2183 21 9 1.0
14 2184 21 9 0.9714285714285714
14 2185 21 9 0.8857142857142857
14 2186 21 9 0.8235294117647058
14 2187 21 9 0.6764705882352942
14 2188 21 9 0.5294117647058824
14 2189 21 9 0.5714285714285714
14 2190 21 9 0.5555555555555556
14 2191 21 9 0.4166666666666667
14 2192 21 9 0.40540540540540543
14 2193 21 9 0.39473684210526316
14 2194 21 9 0.38461538461538464
14 2195 21 9 0.375
14 2196 21 9 0.375
14 2197 21 9 0.36585365853658536
14 2198 21 9 0.2926829268292683
14 2199 0 0 0
14 2200 21 9 0.21428571428571427
14 2201 21 9 0.14285714285714285
14 2202 21 9 0.14285714285714285
14 2203 21 9 0.13953488372093023
14 2204 24 7 1.9069767441860466
14 2205 21 9 0.13953488372093023
14 2206 21 9 0.13953488372093023
14 2207 21 9 0.13953488372093023
14 2208 24 7 1.9047619047619047
14 2209 21 9 0.14634146341463414
14 2210 21 9 0.14634146341463414
14 2211 0 0 0
14 2212 21 9 0.14634146341463414
14 2213 21 9 0.15
14 2214 24 7 1.8974358974358974
14 2215 21 9 0.15789473684210525
14 2216 21 9 0.23684210526315788
14 2217 21 9 0.24324324324324326
14 2218 21 9 0.25
14 2219 21 9 0.25
14 2220 21 9 0.25
14 2221 0 0 0
14 2222 21 9 0.25
14 2223 21 9 0.2571428571428571
14 2224 21 9 0.2647058823529412
14 2225 21 9 0.2647058823529412
14 2226 21 9 0.2727272727272727
14 2227 0 0 0
14 2228 21 9 0.34375
14 2229 0 0 0
14 2230 21 9 0.2903225806451613
14 2231 0 0 0
14 2232 0 0 0
14 2233 0 0 0
14 2234 0 0 0
14 2235 21 9 0.4482758620689655
14 2236 21 9 0.4642857142857143
14 2237 21 9 0.5172413793103449
14 2238 0 0 0
14 2239 0 0 0
14 2240 0 0 0
14 2241 29 6 2.6
14 2242 0 0 0
14 2243 0 0 0
14 2244 21 9 0.5416666666666666
14 2245 21 9 0.5652173913043478
14 2246 21 9 0.5909090909090909
14 2247 21 9 0.5909090909090909
14 2248 0 0 0
14 2249 0 0 0
14 2250 0 0 0
14 2251 0 0 0
14 2252 0 0 0
14 2253 24 7 1.5555555555555556
14 2254 21 9 0.8333333333333334
14 2255 0 0 0
14 2256 0 0 0
14 2257 22 7 1.588235294117647
14 2258 22 7 1.588235294117647
14 2259 22 7 1.588235294117647
14 2260 0 0 0
14 2261 0 0 0
14 2262 24 7 1.4375
14 2263 0 0 0
14 2264 0 0 0
14 2265 0 0 0
14 2266 0 0 0
14 2267 21 9 1.0
14 2268 21 9 1.0
14 2269 0 0 0
14 2270 0 0 0
14 2271 0 0 0
14 2272 0 0 0
14 2273 0 0 0
14 2274 0 0 0
14 2275 0 0 0
14 2276 0 0 0
14 2277 31 10 2.3333333333333335
14 2278 0 0 0
14 2279 30 10 2.3333333333333335
14 2280 0 0 0
14 2281 0 0 0
14 2282 0 0 0
14 2283 0 0 0
14 2284 0 0 0
14 2285 22 7 1.3
14 2286 0 0 0
14 2287 0 0 0
14 2288 0 0 0
14 2289 0 0 0
14 2290 0 0 0
14 2291 0 0 0
14 2292 0 0 0
14 2293 0 0 0
14 2294 0 0 0
14 2295 23 7 1.4615384615384615
14 2296 0 0 0
14 2297 0 0 0
14 2298 29 6 2.2857142857142856
14 2299 0 0 0
14 2300 0 0 0
14 2301 0 0 0
14 2302 0 0 0
14 2303 0 0 0
14 2304 29 7 1.3333333333333333
14 2305 0 0 0
14 2306 0 0 0
14 2307 0 0 0
14 2308 22 7 1.2142857142857142
14 2309 0 0 0
14 2310 21 9 1.0714285714285714
14 2311 21 9 1.0
14 2312 21 9 1.0
14 2313 21 9 1.0
14 2314 21 9 1.0
14 2315 0 0 0
14 2316 0 0 0
14 2317 0 0 0
14 2318 21 9 1.0
14 2319 0 0 0
14 2320 22 7 1.3076923076923077
14 2321 0 0 0
14 2322 0 0 0
14 2323 29 7 1.4166666666666667
14 2324 21 9 0.7272727272727273
14 2325 0 0 0
14 2326 21 9 0.7272727272727273
14 2327 0 0 0
14 2328 0 0 0
14 2329 0 0 0
14 2330 0 0 0
14 2331 0 0 0
14 2332 0 0 0
14 2333 0 0 0
14 2334 0 0 0
14 2335 0 0 0
14 2336 0 0 0
14 2337 0 0 0
14 2338 0 0 0
14 2339 0 0 0
14 2340 0 0 0
14 2341 0 0 0
14 2342 0 0 0
14 2343 0 0 0
14 2344 0 0 0
14 2345 0 0 0
14 2346 0 0 0
14 2347 0 0 0
14 2348 0 0 0
14 2349 0 0 0
14 2350 0 0 0
14 2351 0 0 0
14 2352 0 0 0
14 2353 0 0 0
14 2354 0 0 0
14 2355 0 0 0
14 2356 0 0 0
14 2357 0 0 0
14 2358 0 0 0
14 2359 0 0 0
14 2360 0 0 0
14 2361 0 0 0
14 2362 0 0 0
14 2363 0 0 0
14 2364 0 0 0
14 2365 0 0 0
14 2366 0 0 0
14 2367 0 0 0
14 2368 0 0 0
14 2369 0 0 0
14 2370 0 0 0
14 2371 0 0 0
14 2372 0 0 0
14 2373 0 0 0
14 2374 0 0 0
14 2375 0 0 0
14 2376 0 0 0
14 2377 0 0 0
14 2378 0 0 0
14 2379 21 9 0.0
14 2380 0 0 0
14 2381 0 0 0
14 2382 0 0 0
14 2383 0 0 0
14 2384 21 9 0.0
14 2385 0 0 0
14 2386 0 0 0
14 2387 0 0 0
14 2388 0 0 0
14 2389 0 0 0
14 2390 0 0 0
14 2391 21 9 0.0
14 2392 0 0 0
14 2393 0 0 0
14 2394 0 0 0
14 2395 0 0 0
14 2396 0 0 0
14 2397 0 0 0
14 2398 0 0 0
14 2399 0 0 0
14 2400 0 0 0
14 2401 21 9 0.0
14 2402 0 0 0
14 2403 0 0 0
14 2404 21 9 0.0
14 2405 0 0 0
14 2406 0 0 0
14 2407 0 0 0
14 2408 0 0 0
14 2409 0 0 0
14 2410 0 0 0
14 2411 0 0 0
14 2412 0 0 0
14 2413 0 0 0
14 2414 0 0 0
14 2415 0 0 0
14 2416 0 0 0
14 2417 0 0 0
14 2418 0 0 0
14 2419 0 0 0
14 2420 0 0 0
14 2421 0 0 0
14 2422 0 0 0
14 2423 0 0 0
14 2424 0 0 0
14 2425 0 0 0
14 2426 0 0 0
14 2427 0 0 0
14 2428 0 0 0
14 2429 0 0 0
14 2430 0 0 0
14 2431 0 0 0
14 2432 0 0 0
14 2433 0 0 0
14 2434 0 0 0
14 2435 0 0 0
14 2436 0 0 0
14 2437 0 0 0
14 2438 0 0 0
14 2439 0 0 0
14 2440 0 0 0
14 2441 0 0 0
14 2442 0 0 0
14 2443 0 0 0
14 2444 0 0 0
14 2445 0 0 0
14 2446 21 9 1.2
14 2447 23 7 1.2
14 2448 0 0 0
14 2449 22 7 1.2
14 2450 0 0 0
14 2451 21 9 1.2
14 2452 0 0 0
14 2453 0 0 0
14 2454 0 0 0
14 2455 0 0 0
14 2456 0 0 0
14 2457 0 0 0
14 2458 0 0 0
14 2459 0 0 0
14 2460 23 7 1.2
14 2461 0 0 0
14 2462 0 0 0
14 2463 0 0 0
14 2464 0 0 0
14 2465 0 0 0
14 2466 0 0 0
14 2467 0 0 0
14 2468 0 0 0
14 2469 0 0 0
14 2470 0 0 0
14 2471 21 9 1.3333333333333333
14 2472 0 0 0
14 2473 0 0 0
14 2474 0 0 0
14 2475 0 0 0
14 2476 0 0 0
14 2477 0 0 0
14 2478 0 0 0
14 2479 0 0 0
14 2480 0 0 0
14 2481 0 0 0
14 2482 0 0 0
14 2483 0 0 0
14 2484 0 0 0
14 2485 0 0 0
14 2486 0 0 0
14 2487 0 0 0
14 2488 0 0 0
14 2489 0 0 0
14 2490 0 0 0
14 2491 0 0 0
14 2492 0 0 0
14 2493 0 0 0
14 2494 0 0 0
14 2495 0 0 0
14 2496 22 7 1.0
14 2497 0 0 0
14 2498 0 0 0
14 2499 0 0 0
14 2500 0 0 0
14 2501 0 0 0
14 2502 0 0 0
14 2503 0 0 0
14 2504 22 7 1.5
14 2505 0 0 0
14 2506 0 0 0
14 2507 0 0 0
14 2508 0 0 0
14 2509 0 0 0
14 2510 0 0 0
14 2511 0 0 0
14 2512 0 0 0
14 2513 0 0 0
14 2514 0 0 0
14 2515 0 0 0
14 2516 0 0 0
14 2517 0 0 0
14 2518 0 0 0
14 2519 0 0 0
14 2520 0 0 0
14 2521 0 0 0
14 2522 0 0 0
14 2523 0 0 0
14 2524 29 10 3.0
14 2525 0 0 0
14 2526 0 0 0
14 2527 0 0 0
14 2528 0 0 0
14 2529 0 0 0
14 2530 0 0 0
14 2531 0 0 0
14 2532 0 0 0
14 2533 0 0 0
14 2534 0 0 0
14 2535 0 0 0
14 2536 0 0 0
14 2537 0 0 0
14 2538 0 0 0
14 2539 0 0 0
14 2540 0 0 0
14 2541 0 0 0
14 2542 0 0 0
14 2543 0 0 0
14 2544 0 0 0
14 2545 0 0 0
14 2546 0 0 0
14 2547 0 0 0
14 2548 0 0 0
14 2549 0 0 0
14 2550 0 0 0
14 2551 0 0 0
14 2552 23 7 1.0
14 2553 0 0 0
14 2554 0 0 0
14 2555 0 0 0
14 2556 23 8 1.0
14 2557 0 0 0
14 2558 0 0 0
14 2559 0 0 0
14 2560 0 0 0
14 2561 0 0 0
14 2562 0 0 0
14 2563 0 0 0
14 2564 0 0 0
14 2565 0 0 0
14 2566 0 0 0
14 2567 0 0 0
14 2568 0 0 0
14 2569 0 0 0
14 2570 0 0 0
14 2571 0 0 0
14 2572 0 0 0
14 2573 0 0 0
14 2574 0 0 0
14 2575 0 0 0
14 2576 0 0 0
14 2577 0 0 0
14 2578 0 0 0
14 2579 0 0 0
14 2580 0 0 0
14 2581 0 0 0
14 2582 0 0 0
14 2583 0 0 0
14 2584 0 0 0
14 2585 0 0 0
14 2586 0 0 0
14 2587 0 0 0
14 2588 0 0 0
14 2589 0 0 0
14 2590 0 0 0
14 2591 0 0 0
14 2592 0 0 0
14 2593 0 0 0
14 2594 0 0 0
14 2595 0 0 0
14 2596 0 0 0
14 2597 0 0 0
14 2598 0 0 0
14 2599 0 0 0
14 2600 24 7 0.6666666666666666
14 2601 24 7 0.6666666666666666
14 2602 24 7 0.6666666666666666
14 2603 0 0 0
14 2604 0 0 0
14 2605 0 0 0
14 2606 0 0 0
14 2607 0 0 0
14 2608 0 0 0
14 2609 0 0 0
14 2610 0 0 0
14 2611 0 0 0
14 2612 26 9 2.0
14 2613 0 0 0
14 2614 0 0 0
14 2615 0 0 0
14 2616 0 0 0
14 2617 0 0 0
14 2618 0 0 0
14 2619 0 0 0
14 2620 0 0 0
14 2621 0 0 0
14 2622 0 0 0
14 2623 0 0 0
14 2624 0 0 0
14 2625 0 0 0
14 2626 0 0 0
14 2627 0 0 0
14 2628 0 0 0
14 2629 0 0 0
14 2630 0 0 0
14 2631 0 0 0
14 2632 0 0 0
14 2633 0 0 0
14 2634 0 0 0
14 2635 0 0 0
14 2636 0 0 0
14 2637 0 0 0
14 2638 0 0 0
14 2639 0 0 0
14 2640 0 0 0
14 2641 0 0 0
14 2642 0 0 0
14 2643 0 0 0
14 2644 0 0 0
14 2645 0 0 0
14 2646 0 0 0
14 2647 0 0 0
14 2648 0 0 0
14 2649 0 0 0
14 2650 0 0 0
14 2651 24 7 0.0
14 2652 0 0 0
14 2653 0 0 0
14 2654 0 0 0
14 2655 0 0 0
14 2656 0 0 0
14 2657 0 0 0
14 2658 0 0 0
14 2659 0 0 0
14 2660 0 0 0
14 2661 0 0 0
14 2662 24 7 1.0
14 2663 0 0 0
14 2664 0 0 0
14 2665 0 0 0
14 2666 0 0 0
14 2667 0 0 0
14 2668 0 0 0
14 2669 0 0 0
14 2670 0 0 0
14 2671 0 0 0
14 2672 0 0 0
14 2673 0 0 0
14 2674 0 0 0
14 2675 0 0 0
14 2676 0 0 0
14 2677 0 0 0
14 2678 0 0 0
14 2679 0 0 0
14 2680 0 0 0
14 2681 0 0 0
14 2682 0 0 0
14 2683 0 0 0
14 2684 0 0 0
14 2685 0 0 0
14 2686 21 9 0.18181818181818182
14 2687 0 0 0
14 2688 0 0 0
14 2689 0 0 0
14 2690 0 0 0
14 2691 0 0 0
14 2692 21 9 0.0
14 2693 21 9 0.0
14 2694 0 0 0
14 2695 0 0 0
14 2696 0 0 0
14 2697 0 0 0
14 2698 0 0 0
14 2699 21 9 0.0
14 2700 21 9 0.0
14 2701 21 9 0.0
14 2702 21 9 0.0
14 2703 0 0 0
14 2704 0 0 0
14 2705 0 0 0
14 2706 0 0 0
14 2707 21 9 0.0
14 2708 21 9 0.0
14 2709 21 9 0.0
14 2710 0 0 0
14 2711 21 9 0.0
14 2712 0 0 0
14 2713 21 9 0.0
14 2714 21 9 0.0
14 2715 21 9 0.0
14 2716 0 0 0
14 2717 21 9 0.0
14 2718 21 9 0.0
14 2719 0 0 0
14 2720 21 9 0.0
14 2721 0 0 0
14 2722 0 0 0
14 2723 0 0 0
14 2724 0 0 0
14 2725 21 9 0.0
14 2726 0 0 0
14 2727 0 0 0
14 2728 0 0 0
14 2729 0 0 0
14 2730 0 0 0
14 2731 0 0 0
14 2732 0 0 0
14 2733 0 0 0
14 2734 0 0 0
14 2735 0 0 0
14 2736 0 0 0
14 2737 0 0 0
14 2738 0 0 0
14 2739 0 0 0
14 2740 0 0 0
14 2741 0 0 0
14 2742 0 0 0
14 2743 0 0 0
14 2744 0 0 0
14 2745 0 0 0
14 2746 0 0 0
14 2747 0 0 0
14 2748 0 0 0
14 2749 0 0 0
14 2750 0 0 0
14 2751 0 0 0
14 2752 0 0 0
14 2753 0 0 0
14 2754 0 0 0
14 2755 0 0 0
14 2756 0 0 0
14 2757 0 0 0
14 2758 21 9 1.1666666666666667
14 2759 21 9 1.1666666666666667
14 2760 0 0 0
14 2761 21 9 1.1666666666666667
14 2762 0 0 0
14 2763 0 0 0
14 2764 0 0 0
14 2765 0 0 0
14 2766 0 0 0
14 2767 0 0 0
14 2768 0 0 0
14 2769 0 0 0
14 2770 0 0 0
14 2771 0 0 0
14 2772 0 0 0
14 2773 0 0 0
14 2774 24 7 1.6666666666666667
14 2775 22 7 1.7
14 2776 0 0 0
14 2777 0 0 0
14 2778 0 0 0
14 2779 21 9 0.5833333333333334
14 2780 0 0 0
14 2781 0 0 0
14 2782 0 0 0
14 2783 29 6 2.75
14 2784 0 0 0
14 2785 0 0 0
14 2786 0 0 0
14 2787 0 0 0
14 2788 0 0 0
14 2789 0 0 0
14 2790 0 0 0
14 2791 0 0 0
14 2792 0 0 0
14 2793 0 0 0
14 2794 21 9 0.3333333333333333
14 2795 0 0 0
14 2796 0 0 0
14 2797 0 0 0
14 2798 21 9 0.28
14 2799 21 9 0.2692307692307692
14 2800 21 9 0.19230769230769232
14 2801 0 0 0
14 2802 21 9 0.1111111111111111
14 2803 21 9 0.10714285714285714
14 2804 0 0 0
14 2805 21 9 0.10344827586206896
14 2806 21 9 0.1
14 2807 21 9 0.0967741935483871
14 2808 21 9 0.09375
14 2809 21 9 0.0
14 2810 21 9 0.0
14 2811 21 9 0.0
14 2812 21 9 0.0
14 2813 21 9 0.0
14 2814 0 0 0
14 2815 21 9 0.0
14 2816 21 9 0.0
14 2817 21 9 0.0
14 2818 0 0 0
14 2819 0 0 0
14 2820 21 9 0.0
14 2821 21 9 0.0
14 2822 21 9 0.0
14 2823 21 9 0.0
14 2824 21 9 0.0
14 2825 21 9 0.0
14 2826 21 9 0.0
14 2827 21 9 0.0
14 2828 21 9 0.0
14 2829 21 9 0.0
14 2830 21 9 0.0
14 2831 21 9 0.0
14 2832 21 9 0.0
14 2833 21 9 0.0
14 2834 21 9 0.0
14 2835 21 9 0.0
14 2836 21 9 0.0
14 2837 21 9 0.0
14 2838 21 9 0.0
14 2839 21 9 0.0
14 2840 21 9 0.0
14 2841 21 9 0.0
14 2842 21 9 0.0
14 2843 21 9 0.0
14 2844 21 9 0.05555555555555555
14 2845 21 9 0.05405405405405406
14 2846 21 9 0.05405405405405406
14 2847 21 9 0.05405405405405406
14 2848 0 0 0
14 2849 0 0 0
14 2850 21 9 0.05405405405405406
14 2851 21 9 0.05405405405405406
14 2852 21 9 0.10810810810810811
14 2853 0 0 0
14 2854 21 9 0.1111111111111111
14 2855 0 0 0
14 2856 0 0 0
14 2857 0 0 0
14 2858 21 9 0.12121212121212122
14 2859 21 9 0.125
14 2860 0 0 0
14 2861 0 0 0
14 2862 0 0 0
14 2863 0 0 0
14 2864 21 9 0.32142857142857145
14 2865 0 0 0
14 2866 0 0 0
14 2867 0 0 0
14 2868 21 9 0.56
14 2869 22 7 2.3333333333333335
14 2870 21 9 0.6086956521739131
14 2871 21 9 0.8260869565217391
14 2872 21 9 0.8636363636363636
14 2873 21 9 0.9047619047619048
14 2874 21 9 0.8636363636363636
14 2875 21 9 0.8636363636363636
14 2876 21 9 0.9047619047619048
14 2877 24 7 2.857142857142857
14 2878 21 9 1.1428571428571428
14 2879 0 0 0
14 2880 0 0 0
14 2881 0 0 0
14 2882 0 0 0
14 2883 21 9 1.4166666666666667
14 2884 0 0 0
14 2885 7 14 3.869565217391304
14 2886 0 0 0
14 2887 0 0 0
14 2888 0 0 0
14 2889 0 0 0
14 2890 0 0 0
14 2891 0 0 0
14 2892 0 0 0
14 2893 7 14 3.76
14 2894 0 0 0
14 2895 0 0 0
14 2896 7 14 3.5652173913043477
14 2897 0 0 0
14 2898 0 0 0
14 2899 21 9 2.1
14 2900 0 0 0
14 2901 0 0 0
14 2902 7 14 3.0588235294117645
14 2903 21 9 2.5
14 2904 7 14 2.8125
14 2905 21 9 2.5
14 2906 21 9 2.5
14 2907 0 0 0
14 2908 7 14 3.0
14 2909 0 0 0
14 2910 7 14 2.7058823529411766
14 2911 0 0 0
14 2912 0 0 0
14 2913 7 14 2.9473684210526314
14 2914 0 0 0
14 2915 0 0 0
14 2916 21 9 2.1904761904761907
14 2917 21 9 2.3181818181818183
14 2918 0 0 0
14 2919 0 0 0
14 2920 21 9 2.0
14 2921 0 0 0
14 2922 0 0 0
14 2923 0 0 0
14 2924 0 0 0
14 2925 0 0 0
14 2926 0 0 0
14 2927 0 0 0
14 2928 0 0 0
14 2929 21 9 1.6538461538461537
14 2930 0 0 0
14 2931 0 0 0
14 2932 24 8 2.16
14 2933 0 0 0
14 2934 0 0 0
14 2935 7 14 4.555555555555555
14 2936 7 14 4.7407407407407405
14 2937 21 9 1.037037037037037
14 2938 21 9 1.0
14 2939 21 9 0.8214285714285714
14 2940 0 0 0
14 2941 21 9 0.7666666666666667
14 2942 7 14 4.933333333333334
14 2943 0 0 0
14 2944 21 9 0.7419354838709677
14 2945 21 9 0.78125
14 2946 0 0 0
14 2947 0 0 0
14 2948 21 9 0.8787878787878788
14 2949 21 9 0.8787878787878788
14 2950 21 9 0.8787878787878788
14 2951 24 8 1.4242424242424243
14 2952 23 7 2.090909090909091
14 2953 23 7 2.090909090909091
14 2954 24 7 2.090909090909091
14 2955 0 0 0
14 2956 21 9 0.8529411764705882
14 2957 21 9 0.8529411764705882
14 2958 21 9 0.8235294117647058
14 2959 21 9 0.8
14 2960 21 9 0.7777777777777778
14 2961 21 9 0.6388888888888888
14 2962 0 0 0
14 2963 21 9 0.5
14 2964 21 9 0.5
14 2965 21 9 0.5
14 2966 21 9 0.5
14 2967 21 9 0.5555555555555556
14 2968 21 9 0.4722222222222222
14 2969 21 9 0.4722222222222222
14 2970 24 7 1.5833333333333333
14 2971 0 0 0
14 2972 24 7 1.5945945945945945
14 2973 24 7 1.631578947368421
14 2974 0 0 0
14 2975 0 0 0
14 2976 0 0 0
14 2977 0 0 0
14 2978 0 0 0
14 2979 0 0 0
14 2980 21 9 0.3055555555555556
14 2981 21 9 0.3055555555555556
14 2982 0 0 0
14 2983 21 9 0.3142857142857143
14 2984 21 9 0.3142857142857143
14 2985 21 9 0.3142857142857143
14 2986 21 9 0.3142857142857143
14 2987 21 9 0.3142857142857143
14 2988 21 9 0.3055555555555556
14 2989 21 9 0.3055555555555556
14 2990 21 9 0.3055555555555556
14 2991 0 0 0
14 2992 24 7 1.8055555555555556
14 2993 24 7 1.8
14 2994 0 0 0
14 2995 21 9 0.3333333333333333
14 2996 21 9 0.28125
14 2997 21 9 0.28125
14 2998 31 10 1.1875
14 2999 21 9 0.16129032258064516
14 3000 21 9 0.16129032258064516
14 3001 21 9 0.16129032258064516
14 3002 0 0 0
14 3003 21 9 0.15151515151515152
14 3004 21 9 0.15151515151515152
14 3005 0 0 0
14 3006 0 0 0
14 3007 0 0 0
14 3008 21 9 0.15625
14 3009 21 9 0.16129032258064516
14 3010 21 9 0.16666666666666666
14 3011 21 9 0.1724137931034483
14 3012 21 9 0.17857142857142858
14 3013 21 9 0.18518518518518517
14 3014 21 9 0.19230769230769232
14 3015 21 9 0.2
14 3016 21 9 0.20833333333333334
14 3017 21 9 0.20833333333333334
14 3018 0 0 0
14 3019 0 0 0
14 3020 0 0 0
14 3021 0 0 0
14 3022 0 0 0
14 3023 21 9 0.15
14 3024 0 0 0
14 3025 0 0 0
14 3026 0 0 0
14 3027 21 9 0.1111111111111111
14 3028 21 9 0.1111111111111111
14 3029 0 0 0
14 3030 27 9 0.1111111111111111
14 3031 0 0 0
14 3032 0 0 0
14 3033 0 0 0
14 3034 0 0 0
14 3035 0 0 0
14 3036 0 0 0
14 3037 0 0 0
14 3038 0 0 0
14 3039 0 0 0
14 3040 0 0 0
14 3041 0 0 0
14 3042 0 0 0
14 3043 0 0 0
14 3044 0 0 0
14 3045 0 0 0
14 3046 0 0 0
14 3047 23 7 1.9047619047619047
14 3048 0 0 0
14 3049 0 0 0
14 3050 0 0 0
14 3051 21 9 0.16666666666666666
14 3052 21 9 0.16
14 3053 0 0 0
14 3054 21 9 0.16
14 3055 21 9 0.15384615384615385
14 3056 21 9 0.23076923076923078
14 3057 0 0 0
14 3058 0 0 0
14 3059 0 0 0
14 3060 0 0 0
14 3061 21 9 0.2
14 3062 21 9 0.1935483870967742
14 3063 21 9 0.1935483870967742
14 3064 21 9 0.1875
14 3065 22 7 1.878787878787879
14 3066 21 9 0.18181818181818182
14 3067 21 9 0.18181818181818182
14 3068 21 9 0.18181818181818182
14 3069 21 9 0.18181818181818182
14 3070 21 9 0.18181818181818182
14 3071 21 9 0.17647058823529413
14 3072 21 9 0.17647058823529413
14 3073 21 9 0.11764705882352941
14 3074 21 9 0.11764705882352941
14 3075 21 9 0.11764705882352941
14 3076 21 9 0.11764705882352941
14 3077 21 9 0.12121212121212122
14 3078 21 9 0.125
14 3079 21 9 0.125
14 3080 21 9 0.12903225806451613
14 3081 24 7 1.9333333333333333
14 3082 21 9 0.13793103448275862
14 3083 21 9 0.13793103448275862
14 3084 21 9 0.13793103448275862
14 3085 21 9 0.13793103448275862
14 3086 0 0 0
14 3087 21 9 0.14285714285714285
14 3088 0 0 0
14 3089 21 9 0.15384615384615385
14 3090 21 9 0.16
14 3091 0 0 0
14 3092 0 0 0
14 3093 0 0 0
14 3094 0 0 0
14 3095 0 0 0
14 3096 21 9 0.10526315789473684
14 3097 0 0 0
14 3098 21 9 0.11764705882352941
14 3099 0 0 0
14 3100 0 0 0
14 3101 0 0 0
14 3102 0 0 0
14 3103 0 0 0
14 3104 0 0 0
14 3105 0 0 0
14 3106 0 0 0
14 3107 0 0 0
14 3108 0 0 0
14 3109 0 0 0
14 3110 0 0 0
14 3111 0 0 0
14 3112 0 0 0
14 3113 0 0 0
14 3114 0 0 0
14 3115 0 0 0
14 3116 0 0 0
14 3117 0 0 0
14 3118 0 0 0
14 3119 0 0 0
14 3120 0 0 0
14 3121 0 0 0
14 3122 0 0 0
14 3123 0 0 0
14 3124 0 0 0
14 3125 0 0 0
14 3126 0 0 0
14 3127 0 0 0
14 3128 0 0 0
14 3129 0 0 0
14 3130 0 0 0
14 3131 0 0 0
14 3132 0 0 0
14 3133 0 0 0
14 3134 0 0 0
14 3135 0 0 0
14 3136 0 0 0
14 3137 21 9 0.42857142857142855
14 3138 21 9 0.5
14 3139 0 0 0
14 3140 0 0 0
14 3141 21 9 0.5
14 3142 0 0 0
14 3143 0 0 0
14 3144 0 0 0
14 3145 0 0 0
14 3146 0 0 0
14 3147 21 9 0.6
14 3148 21 9 0.6
14 3149 0 0 0
14 3150 0 0 0
14 3151 0 0 0
14 3152 0 0 0
14 3153 0 0 0
14 3154 0 0 0
14 3155 0 0 0
14 3156 0 0 0
14 3157 0 0 0
14 3158 31 10 0.5454545454545454
14 3159 0 0 0
14 3160 31 10 0.6153846153846154
14 3161 0 0 0
14 3162 31 10 0.6153846153846154
14 3163 30 10 0.6153846153846154
14 3164 0 0 0
14 3165 0 0 0
14 3166 0 0 0
14 3167 31 10 0.5833333333333334
14 3168 30 10 0.5833333333333334
14 3169 0 0 0
14 3170 0 0 0
14 3171 0 0 0
14 3172 0 0 0
14 3173 0 0 0
14 3174 0 0 0
14 3175 0 0 0
14 3176 0 0 0
14 3177 0 0 0
14 3178 0 0 0
14 3179 0 0 0
14 3180 21 9 0.5454545454545454
14 3181 0 0 0
14 3182 0 0 0
14 3183 0 0 0
14 3184 21 9 0.5
14 3185 21 9 0.5
14 3186 0 0 0
14 3187 0 0 0
14 3188 21 9 0.375
14 3189 0 0 0
14 3190 21 9 0.2857142857142857
14 3191 0 0 0
14 3192 0 0 0
14 3193 0 0 0
14 3194 0 0 0
14 3195 0 0 0
14 3196 0 0 0
14 3197 0 0 0
14 3198 21 9 0.0
14 3199 0 0 0
